Type	Count, Total Dollars, Average
.	6, 415, 69.17
A	8, 400, 50.0
ACURA	7, 675, 96.43
ALUM	5, 250, 50.0
ALUMI	11, 550, 50.0
AME	6, 300, 50.0
AMETH	6, 300, 50.0
AQ	25, 1250, 50.0
AQUA	6, 290, 48.33
B	386, 37375, 96.83
B K	5, 420, 84.0
B LAC	8, 585, 73.13
B LK	6, 570, 95.0
B LUE	6, 565, 94.17
B/K	19, 1760, 92.63
B/W	6, 425, 70.83
B;L	6, 590, 98.33
BACK	6, 285, 47.5
BAGE	10, 780, 78.0
BAIGE	11, 1145, 104.09
BALCK	32, 1860, 58.13
BC	10, 990, 99.0
BCK	14, 1400, 100.0
BE	24, 2440, 101.67
BED	10, 885, 88.5
BEI	10, 690, 69.0
BEIG	15, 1415, 94.33
BEIGE	1821, 129830, 71.3
BEN	8, 865, 108.13
BER	5, 455, 91.0
BERG	23, 1995, 86.74
BERGE	13, 965, 74.23
BERGU	7, 455, 65.0
BG	903, 47050, 52.1
BG.	19, 950, 50.0
BGE	570, 29220, 51.26
BH	5, 380, 76.0
BI	21, 1965, 93.57
BIACK	23, 1510, 65.65
BIEGE	113, 7650, 67.7
BIK	189, 18030, 95.4
BIU	22, 1900, 86.36
BIUE	11, 895, 81.36
BJ	11, 1325, 120.45
BK	1406700, 87295820, 62.06
BK-GY	9, 450, 50.0
BK-RD	5, 250, 50.0
BK.	256, 13190, 51.52
BK/	503, 34400, 68.39
BK/GY	11, 1030, 93.64
BK/RD	5, 500, 100.0
BK/WH	5, 525, 105.0
BKACJ	6, 355, 59.17
BKB	41, 2620, 63.9
BKBK	56, 2800, 50.0
BKBL	416, 20800, 50.0
BKBR	37, 1850, 50.0
BKG	241, 15985, 66.33
BKGL	29, 1450, 50.0
BKGR	302, 15100, 50.0
BKGY	1424, 71295, 50.07
BKJ	10, 935, 93.5
BKK	5, 485, 97.0
BKL	30, 3080, 102.67
BKMR	19, 950, 50.0
BKO	5, 285, 57.0
BKOR	10, 500, 50.0
BKPR	21, 1050, 50.0
BKR	39, 2725, 69.87
BKRD	172, 8685, 50.49
BKT	27, 1735, 64.26
BKTN	137, 6850, 50.0
BKUE	6, 480, 80.0
BKW	223, 14015, 62.85
BKWH	70, 3565, 50.93
BKYW	19, 950, 50.0
BL	595682, 36848595, 61.86
BL WH	7, 495, 70.71
BL-BL	5, 250, 50.0
BL-GR	8, 400, 50.0
BL-GY	6, 300, 50.0
BL-WH	8, 400, 50.0
BL.	127, 6610, 52.05
BL/	735, 46765, 63.63
BL/GR	7, 615, 87.86
BL/GY	10, 925, 92.5
BL/WH	19, 1705, 89.74
BL/WT	16, 1820, 113.75
BLA	50, 4460, 89.2
BLAC	51, 3880, 76.08
BLACJ	11, 795, 72.27
BLACK	708954, 49652365, 70.04
BLACL	32, 2140, 66.88
BLACV	5, 345, 69.0
BLAK	42, 2835, 67.5
BLAKC	121, 8965, 74.09
BLAKE	5, 570, 114.0
BLAVK	10, 675, 67.5
BLB	62, 4360, 70.32
BLBK	53, 2650, 50.0
BLBL	214, 10700, 50.0
BLBR	27, 1350, 50.0
BLC	11, 945, 85.91
BLCAK	6, 340, 56.67
BLCK	274, 22575, 82.39
BLE	68, 5790, 85.15
BLG	1421, 102515, 72.14
BLGL	24, 1200, 50.0
BLGR	278, 13900, 50.0
BLGY	638, 31965, 50.1
BLIE	7, 525, 75.0
BLK	80190, 6858435, 85.53
BLK-B	7, 350, 50.0
BLK.	62, 3210, 51.77
BLK/B	37, 1915, 51.76
BLK/R	6, 550, 91.67
BLKJ	7, 665, 95.0
BLKL	5, 435, 87.0
BLLK	14, 1205, 86.07
BLLUE	6, 510, 85.0
BLPR	11, 550, 50.0
BLR	10, 940, 94.0
BLRD	68, 3400, 50.0
BLT	23, 1700, 73.91
BLTN	81, 4050, 50.0
BLU	10348, 697400, 67.39
BLU-B	11, 550, 50.0
BLU/B	22, 1110, 50.45
BLUE	304905, 21679310, 71.1
BLUE.	35, 1750, 50.0
BLUE/	19, 1310, 68.95
BLUEG	5, 295, 59.0
BLUEW	8, 780, 97.5
BLUG	8, 795, 99.38
BLULE	5, 315, 63.0
BLUR	18, 1635, 90.83
BLUW	9, 635, 70.56
BLV	12, 1110, 92.5
BLVD	8, 595, 74.38
BLW	1415, 96380, 68.11
BLWH	338, 17060, 50.47
BLYE	8, 620, 77.5
BM	37, 4255, 115.0
BMW	15, 1340, 89.33
BN	3591, 369935, 103.02
BN.	8, 400, 50.0
BNW	6, 690, 115.0
BORWN	5, 450, 90.0
BOWN	11, 1145, 104.09
BR	91404, 6392760, 69.94
BR.	10, 640, 64.0
BR/	50, 3730, 74.6
BRB	6, 565, 94.17
BRBL	42, 2100, 50.0
BRBR	6, 300, 50.0
BRG	33, 2545, 77.12
BRGDY	7, 395, 56.43
BRGL	10, 500, 50.0
BRGR	25, 1250, 50.0
BRGY	99, 4950, 50.0
BRIGE	10, 705, 70.5
BRK	7, 715, 102.14
BRM	21, 2360, 112.38
BRN	10982, 1194050, 108.73
BRNW	13, 1335, 102.69
BRNZ	12, 615, 51.25
BRO	1431, 113515, 79.33
BRON	29, 3150, 108.62
BRONW	31, 3385, 109.19
BRONX	6, 550, 91.67
BRONZ	87, 5640, 64.83
BROW	198, 21065, 106.39
BROWM	24, 2555, 106.46
BROWN	327214, 31401480, 95.97
BRRD	16, 800, 50.0
BRT	26, 2020, 77.69
BRTN	15, 750, 50.0
BRU	8, 865, 108.13
BRW	987, 105955, 107.35
BRWN	1613, 170470, 105.69
BRWON	46, 5015, 109.02
BRZ	114, 5815, 51.01
BT	6, 585, 97.5
BU	28, 2765, 98.75
BUE	16, 1490, 93.13
BUG	9, 785, 87.22
BUICK	10, 730, 73.0
BUL	11, 1070, 97.27
BULE	6, 380, 63.33
BUN	5, 625, 125.0
BUR	121, 11405, 94.26
BURG	1022, 94595, 92.56
BURGA	212, 18115, 85.45
BURGD	16, 1245, 77.81
BURGE	20, 1485, 74.25
BURGN	18, 1460, 81.11
BURGU	612, 52215, 85.32
BURGY	15, 1265, 84.33
BURUN	21, 1975, 94.05
BURY	5, 605, 121.0
BUS	10, 865, 86.5
BW	288, 29995, 104.15
BWN	464, 51480, 110.95
BWR	10, 1080, 108.0
BX	41, 4145, 101.1
BY	18, 1625, 90.28
BZ	13, 650, 50.0
CA	5, 575, 115.0
CHAMP	35, 2520, 72.0
CHARC	12, 815, 67.92
CHROM	32, 1775, 55.47
CHRYS	9, 785, 87.22
CL	30, 1510, 50.33
CM	25, 1320, 52.8
COLOR	8, 780, 97.5
COM	8, 400, 50.0
COOPE	8, 450, 56.25
COPPE	13, 960, 73.85
CPR	17, 850, 50.0
CREAM	87, 4730, 54.37
CRM	55, 2810, 51.09
CRY	6, 470, 78.33
D	5, 510, 102.0
DARK	108, 6500, 60.19
DARKB	7, 590, 84.29
DARKG	9, 835, 92.78
DBK	11, 550, 50.0
DBL	237, 11800, 49.79
DBLUE	12, 645, 53.75
DGR	74, 3700, 50.0
DGRAY	14, 630, 45.0
DGY	9, 450, 50.0
DK	9, 735, 81.67
DK BL	8, 505, 63.13
DK GR	9, 915, 101.67
DK GY	10, 1010, 101.0
DK-BL	13, 650, 50.0
DK-GR	8, 400, 50.0
DK-GY	24, 1200, 50.0
DK-RD	10, 500, 50.0
DK/	8963, 559960, 62.47
DKB	2984, 197915, 66.33
DKBK	6, 300, 50.0
DKBL	1411, 70670, 50.09
DKBLU	17, 1375, 80.88
DKBR	60, 3000, 50.0
DKDK	5, 250, 50.0
DKG	6420, 403635, 62.87
DKGL	19, 950, 50.0
DKGR	534, 26700, 50.0
DKGRY	9, 780, 86.67
DKGY	2748, 137530, 50.05
DKM	81, 5260, 64.94
DKMR	39, 1950, 50.0
DKO	18, 1240, 68.89
DKOR	10, 500, 50.0
DKP	143, 9855, 68.92
DKPR	41, 2050, 50.0
DKR	1240, 79705, 64.28
DKRD	669, 33575, 50.19
DKT	63, 3765, 59.76
DKTN	36, 1800, 50.0
DKWH	5, 250, 50.0
DR	12, 1360, 113.33
DRK	18, 1870, 103.89
DSI	6, 300, 50.0
ED	7, 600, 85.71
EVRGN	5, 250, 50.0
FORD	12, 1070, 89.17
FREIG	19, 1525, 80.26
G	420, 39045, 92.96
GA	11, 1060, 96.36
GARY	30, 2405, 80.17
GAY	23, 1865, 81.09
GD	888, 61885, 69.69
GD.	7, 350, 50.0
GE	5, 505, 101.0
GERY	14, 945, 67.5
GEY	50, 4190, 83.8
GK	16, 1665, 104.06
GL	63190, 3867725, 61.21
GL/	23, 1820, 79.13
GLB	24, 1475, 61.46
GLBK	8, 400, 50.0
GLBL	33, 1650, 50.0
GLBR	8, 400, 50.0
GLD	1385, 91240, 65.88
GLG	15, 885, 59.0
GLGR	16, 800, 50.0
GLGY	57, 2850, 50.0
GLT	8, 770, 96.25
GLTN	10, 565, 56.5
GLW	5, 525, 105.0
GLY	6, 875, 145.83
GM	9, 1035, 115.0
GN	4442, 371625, 83.66
GN.	32, 1645, 51.41
GNY	5, 425, 85.0
GO	7, 745, 106.43
GOL	10, 560, 56.0
GOLD	48780, 3318385, 68.03
GOLD.	10, 500, 50.0
GOLDE	12, 745, 62.08
GR	231542, 14705080, 63.51
GR/	313, 20580, 65.75
GR/WH	5, 575, 115.0
GRA	39, 3035, 77.82
GRAN	7, 660, 94.29
GRAPH	5, 250, 50.0
GRAT	35, 2785, 79.57
GRAU	12, 1085, 90.42
GRAY	68242, 5634600, 82.57
GRAY.	16, 800, 50.0
GRAYT	6, 460, 76.67
GRAYU	6, 460, 76.67
GRB	55, 3660, 66.55
GRBK	29, 1450, 50.0
GRBL	76, 3865, 50.86
GRBR	9, 450, 50.0
GRE	125, 9940, 79.52
GREE	29, 2525, 87.07
GREEB	28, 2500, 89.29
GREEM	30, 2560, 85.33
GREEN	145092, 11444380, 78.88
GREEY	6, 440, 73.33
GREG	18, 1430, 79.44
GREN	69, 5500, 79.71
GRET	19, 1445, 76.05
GREU	16, 985, 61.56
GREY	421668, 29382540, 69.68
GREY.	11, 550, 50.0
GRG	149, 9355, 62.79
GRGL	15, 750, 50.0
GRGR	76, 3800, 50.0
GRGY	232, 11730, 50.56
GRN	6905, 568455, 82.33
GRN.	10, 500, 50.0
GRN/G	9, 450, 50.0
GRRD	25, 1250, 50.0
GRT	85, 6175, 72.65
GRTN	48, 2400, 50.0
GRU	6, 590, 98.33
GRW	292, 28325, 97.0
GRWH	17, 850, 50.0
GRY	36912, 2841815, 76.99
GRY-G	9, 450, 50.0
GRY.	21, 1050, 50.0
GRY/G	33, 1715, 51.97
GRYE	8, 810, 101.25
GT	17, 1860, 109.41
GU	22, 1895, 86.14
GUY	6, 600, 100.0
GV	15, 1415, 94.33
GW	6, 565, 94.17
GY	1703425, 104919710, 61.59
GY BL	5, 425, 85.0
GY-BL	5, 250, 50.0
GY-GR	8, 400, 50.0
GY-GY	9, 450, 50.0
GY.	218, 11105, 50.94
GY/	974, 79550, 81.67
GY/BL	6, 480, 80.0
GY/WT	5, 575, 115.0
GYB	275, 17530, 63.75
GYBK	118, 6045, 51.23
GYBL	570, 28580, 50.14
GYBR	91, 4550, 50.0
GYG	80, 5325, 66.56
GYGL	50, 2500, 50.0
GYGR	499, 24950, 50.0
GYGY	1960, 98000, 50.0
GYMR	27, 1415, 52.41
GYOR	7, 350, 50.0
GYP	6, 320, 53.33
GYPK	7, 350, 50.0
GYPR	20, 1000, 50.0
GYR	6, 445, 74.17
GYRD	179, 8950, 50.0
GYT	146, 10555, 72.29
GYTN	207, 10350, 50.0
GYW	459, 44105, 96.09
GYWH	62, 3295, 53.15
H	5, 510, 102.0
HITE	15, 1165, 77.67
HONDA	8, 730, 91.25
HT	11, 1005, 91.36
HYUND	5, 640, 128.0
IL	5, 525, 105.0
ILVER	7, 530, 75.71
INFIN	5, 390, 78.0
INTER	8, 920, 115.0
ISUZU	6, 620, 103.33
K	7, 605, 86.43
L BLU	8, 330, 41.25
LACK	7, 450, 64.29
LAVEN	1407, 94325, 67.04
LBL	97, 4915, 50.67
LBLUE	12, 610, 50.83
LEXUS	7, 640, 91.43
LGR	23, 1150, 50.0
LGT	11, 550, 50.0
LIGHT	43, 2750, 63.95
LIME	27, 2240, 82.96
LK	5, 440, 88.0
LSI	6, 300, 50.0
LT	5, 370, 74.0
LT BL	27, 2495, 92.41
LT GR	7, 540, 77.14
LT GY	8, 805, 100.63
LT-BL	9, 450, 50.0
LT-GR	8, 400, 50.0
LT-GY	47, 2350, 50.0
LT-TN	5, 250, 50.0
LT/	10087, 637775, 63.23
LT/GY	6, 625, 104.17
LTB	1583, 99745, 63.01
LTBK	10, 500, 50.0
LTBL	587, 29570, 50.37
LTBLU	21, 1855, 88.33
LTBR	182, 9100, 50.0
LTG	13734, 897685, 65.36
LTGL	56, 2800, 50.0
LTGR	518, 26145, 50.47
LTGRN	8, 575, 71.88
LTGRY	5, 250, 50.0
LTGY	5863, 293210, 50.01
LTM	7, 500, 71.43
LTMR	17, 850, 50.0
LTP	46, 3165, 68.8
LTPR	11, 550, 50.0
LTR	16, 900, 56.25
LTRD	5, 250, 50.0
LTT	423, 28270, 66.83
LTTN	213, 10650, 50.0
LTW	6, 285, 47.5
LTWH	7, 350, 50.0
LTY	12, 740, 61.67
LUE	8, 695, 86.88
LWH	8, 465, 58.13
M	11, 1015, 92.27
M/C	6, 540, 90.0
MA	28, 1775, 63.39
MAR	789, 48550, 61.53
MARN	7, 350, 50.0
MARO	13, 980, 75.38
MARON	36, 2075, 57.64
MAROO	1763, 126350, 71.67
MARRO	33, 2245, 68.03
MC	64, 5995, 93.67
MD	13, 1260, 96.92
ME	7, 470, 67.14
MK	10, 1095, 109.5
MN	313, 17120, 54.7
MN.	5, 250, 50.0
MR	38773, 2621115, 67.6
MR/	20, 1295, 64.75
MRB	7, 510, 72.86
MRBL	12, 600, 50.0
MRG	15, 1015, 67.67
MRGR	12, 600, 50.0
MRGY	46, 2300, 50.0
MRN	67, 5495, 82.01
MRT	18, 1310, 72.78
MRTN	8, 400, 50.0
MUL	76, 3800, 50.0
MULIT	9, 825, 91.67
MULT	19, 1465, 77.11
MULTI	252, 23900, 94.84
MUTI	7, 685, 97.86
MUTLI	8, 620, 77.5
N	6, 325, 54.17
NA	12, 665, 55.42
NAVY	66, 5850, 88.64
NAVYB	11, 890, 80.91
NCLR	41, 2050, 50.0
NH	14, 1610, 115.0
NK	5, 405, 81.0
NLUE	5, 315, 63.0
NO	337, 22420, 66.53
NOC	1026, 77565, 75.6
NOCL	299, 14950, 50.0
NR	6, 790, 131.67
NROWN	5, 575, 115.0
NYPD	7, 835, 119.29
O	13, 1170, 90.0
OG	40, 2220, 55.5
OLIVE	13, 1135, 87.31
ON	5, 455, 91.0
ONG	129, 6920, 53.64
OR	15058, 1085015, 72.06
OR/	34, 2355, 69.26
ORA	21, 2280, 108.57
ORAGE	7, 735, 105.0
ORAMG	5, 455, 91.0
ORAN	43, 4095, 95.23
ORANE	5, 505, 101.0
ORANG	16957, 1444950, 85.21
ORB	34, 2570, 75.59
ORBK	16, 800, 50.0
ORBL	9, 450, 50.0
ORG	185, 19275, 104.19
ORGR	6, 300, 50.0
ORGY	10, 500, 50.0
ORN	32, 2080, 65.0
ORNAG	9, 980, 108.89
ORNG	18, 1635, 90.83
ORR	6, 455, 75.83
ORW	173, 14770, 85.38
ORWH	37, 1850, 50.0
OTH	13, 825, 63.46
OTHER	113904, 7685090, 67.47
PEARL	24, 1345, 56.04
PEW	9, 515, 57.22
PEWTE	6, 285, 47.5
PINK	169, 15995, 94.64
PK	314, 20455, 65.14
PKWH	5, 250, 50.0
PL	59, 3160, 53.56
PLE	63, 3215, 51.03
PLUM	7, 605, 86.43
PNK	7, 740, 105.71
PR	6211, 374730, 60.33
PR/	13, 795, 61.15
PRGR	5, 250, 50.0
PRGY	5, 250, 50.0
PRL	6, 430, 71.67
PRW	6, 460, 76.67
PUR	46, 4725, 102.72
PURP	69, 7055, 102.25
PURPL	7612, 574490, 75.47
PWTR	5, 250, 50.0
Q	9, 450, 50.0
QUEEN	6, 340, 56.67
R	175, 18295, 104.54
RAY	6, 730, 121.67
RD	378621, 24641790, 65.08
RD B	11, 550, 50.0
RD BK	50, 2630, 52.6
RD BL	6, 365, 60.83
RD WH	6, 525, 87.5
RD-GY	6, 300, 50.0
RD.	73, 3650, 50.0
RD/	1520, 131640, 86.61
RD/BK	5, 505, 101.0
RD/WH	8, 870, 108.75
RD/WT	5, 575, 115.0
RDB	122, 9910, 81.23
RDBK	137, 7120, 51.97
RDBL	119, 6015, 50.55
RDBLK	11, 550, 50.0
RDBR	26, 1300, 50.0
RDG	206, 14050, 68.2
RDGL	10, 500, 50.0
RDGR	102, 5100, 50.0
RDGY	361, 18050, 50.0
RDPR	10, 500, 50.0
RDRD	62, 3100, 50.0
RDT	97, 7470, 77.01
RDTN	54, 2700, 50.0
RDW	1584, 153955, 97.19
RDWH	95, 4990, 52.53
RDY	22, 1340, 60.91
RDYW	9, 450, 50.0
RE	19, 1325, 69.74
RED	269843, 20414670, 75.65
RED-R	5, 250, 50.0
RED.	39, 2015, 51.67
RED/B	13, 1240, 95.38
RED/G	5, 375, 75.0
RED/R	19, 950, 50.0
RED/W	15, 1400, 93.33
REDWH	5, 525, 105.0
REEN	5, 500, 100.0
REFG	5, 475, 95.0
REY	8, 675, 84.38
ROWN	5, 575, 115.0
RS	6, 365, 60.83
RUST	66, 4240, 64.24
RY	6, 600, 100.0
S	33, 2005, 60.76
SAND	28, 1385, 49.46
SC	32, 2020, 63.13
SI	54, 5125, 94.91
SIILV	12, 945, 78.75
SIL	9036, 552275, 61.12
SIL-S	8, 400, 50.0
SIL.	12, 600, 50.0
SIL/S	30, 1500, 50.0
SILER	24, 1630, 67.92
SILEV	17, 1195, 70.29
SILR	5, 385, 77.0
SILV	2210, 172315, 77.97
SILV.	6, 300, 50.0
SILVE	316224, 20942090, 66.23
SILVR	5083, 360680, 70.96
SILVW	8, 400, 50.0
SIV	41, 3840, 93.66
SIVE	7, 635, 90.71
SIVER	27, 1995, 73.89
SIVLE	35, 2610, 74.57
SIVR	25, 2790, 111.6
SK	5, 450, 90.0
SL	10902, 591230, 54.23
SL.	162, 8100, 50.0
SLATE	5, 265, 53.0
SLIV	6, 430, 71.67
SLIVE	54, 3985, 73.8
SLR	95, 7060, 74.32
SLV	670, 53865, 80.4
SLVE	5, 525, 105.0
SLVER	42, 2910, 69.29
SLVR	761, 63640, 83.63
SO;VE	5, 365, 73.0
SR	14, 1130, 80.71
SUBAR	5, 240, 48.0
SV	42, 3560, 84.76
SVR	12, 905, 75.42
SY	5, 500, 100.0
T	8, 555, 69.38
TA	8, 645, 80.63
TAB	6, 530, 88.33
TAM	11, 930, 84.55
TAN	59988, 4381740, 73.04
TAN.	10, 495, 49.5
TAN/T	5, 250, 50.0
TANH	6, 665, 110.83
TAUPE	22, 1090, 49.55
TEA	18, 900, 50.0
TEAL	156, 9520, 61.03
TEN	7, 700, 100.0
TL	15, 815, 54.33
TN	151893, 9326430, 61.4
TN.	20, 1065, 53.25
TN/	57, 3815, 66.93
TNB	21, 1610, 76.67
TNBK	5, 250, 50.0
TNBL	70, 3500, 50.0
TNBR	14, 700, 50.0
TNG	66, 4160, 63.03
TNGL	14, 700, 50.0
TNGR	55, 2750, 50.0
TNGY	125, 6395, 51.16
TNR	11, 800, 72.73
TNRD	21, 1050, 50.0
TNTN	21, 1050, 50.0
TNW	5, 420, 84.0
TNWH	5, 250, 50.0
TPE	8, 400, 50.0
TQ	17, 850, 50.0
TRQ	8, 400, 50.0
TW	10, 1090, 109.0
UNK	494, 24745, 50.09
UNKNO	567, 28350, 50.0
UPS	11, 1185, 107.73
VAN	24, 2105, 87.71
VN  B	19, 950, 50.0
VN  G	12, 600, 50.0
VN  R	5, 250, 50.0
VN  W	11, 550, 50.0
VOLKS	6, 450, 75.0
VROWN	6, 615, 102.5
VVH	9, 890, 98.89
VW	6, 635, 105.83
W	1235, 117370, 95.04
W BLU	5, 575, 115.0
W/BLU	10, 1020, 102.0
WA	14, 1175, 83.93
WG	29, 3020, 104.14
WGUTE	6, 500, 83.33
WH	1681229, 114992195, 68.4
WH BL	13, 1190, 91.54
WH-	5, 505, 101.0
WH-BL	20, 1065, 53.25
WH-GR	5, 250, 50.0
WH-GY	6, 300, 50.0
WH.	48, 2795, 58.23
WH/	1257, 98510, 78.37
WH/BK	5, 455, 91.0
WH/BL	61, 6085, 99.75
WH/GN	9, 1035, 115.0
WH/GR	13, 1445, 111.15
WH/RD	13, 1220, 93.85
WHB	1558, 114110, 73.24
WHBK	99, 5155, 52.07
WHBL	1687, 85310, 50.57
WHBR	26, 1300, 50.0
WHE	9, 765, 85.0
WHG	811, 70560, 87.0
WHGL	39, 1950, 50.0
WHGR	205, 10380, 50.63
WHGY	849, 42515, 50.08
WHI	11648, 674000, 57.86
WHI-W	12, 600, 50.0
WHIE	23, 1715, 74.57
WHIET	28, 2590, 92.5
WHIT	357, 34375, 96.29
WHITE	1475113, 117778835, 79.84
WHITG	5, 470, 94.0
WHITH	26, 2330, 89.62
WHITR	17, 1425, 83.82
WHITW	17, 1430, 84.12
WHITY	12, 1220, 101.67
WHMR	21, 1050, 50.0
WHO	1333, 129395, 97.07
WHOR	38, 1965, 51.71
WHP	11, 705, 64.09
WHPR	12, 600, 50.0
WHR	302, 21990, 72.81
WHRD	179, 9110, 50.89
WHT	32981, 3193930, 96.84
WHT.	26, 1300, 50.0
WHT/G	10, 1150, 115.0
WHT/W	34, 1700, 50.0
WHTBL	5, 520, 104.0
WHTE	163, 14410, 88.4
WHTIE	216, 18900, 87.5
WHTN	93, 4650, 50.0
WHUIT	5, 525, 105.0
WHUTE	5, 395, 79.0
WHWH	48, 2400, 50.0
WHY	67, 4950, 73.88
WHYW	58, 2900, 50.0
WI	14, 1405, 100.36
WINE	5, 385, 77.0
WIT	11, 1025, 93.18
WITE	6, 620, 103.33
WJ	19, 2140, 112.63
WJITE	9, 795, 88.33
WJOTE	9, 820, 91.11
WK	6, 955, 159.17
WL	8, 820, 102.5
WM	6, 585, 97.5
WN	10, 1050, 105.0
WT	22767, 1583265, 69.54
WT.	193, 9845, 51.01
WT/BL	64, 7305, 114.14
WTBL	10, 980, 98.0
WTE	75, 7920, 105.6
WTH	36, 4050, 112.5
WW	5, 925, 185.0
WWHIT	52, 4600, 88.46
WWHT	5, 520, 104.0
WY	12, 1230, 102.5
White	10, 500, 50.0
XXX	64, 3200, 50.0
Y	35, 3445, 98.43
YE	19, 1765, 92.89
YEL	790, 69510, 87.99
YELL	862, 81205, 94.21
YELLO	50797, 4190650, 82.5
YELLW	21, 1695, 80.71
YELO	6, 460, 76.67
YELOW	18, 1840, 102.22
YL	369, 38065, 103.16
YLL	9, 705, 78.33
YLLW	43, 3255, 75.7
YLW	103, 9740, 94.56
YW	93239, 6518900, 69.92
YW/	63, 5275, 83.73
YWB	233, 16490, 70.77
YWBK	10, 500, 50.0
YWBL	15, 750, 50.0
YWBR	5, 250, 50.0
YWG	12, 830, 69.17
YWGY	19, 950, 50.0
YWW	96, 7190, 74.9
