Type	Count, Total Dollars, Average
.	5, 460, 92.0
.....	6, 365, 60.83
ALUMI	5, 250, 50.0
AME	6, 300, 50.0
AMETH	9, 450, 50.0
AQ	32, 1600, 50.0
AQUA	12, 900, 75.0
AZ	6, 590, 98.33
B	499, 46065, 92.31
B K	8, 845, 105.63
B LAC	5, 295, 59.0
B LK	6, 520, 86.67
B LUE	10, 720, 72.0
B/W	6, 615, 102.5
B;ACL	8, 520, 65.0
B;L	6, 690, 115.0
BACK	7, 715, 102.14
BAIGE	21, 1640, 78.1
BALCK	31, 2480, 80.0
BC	10, 1030, 103.0
BCK	25, 2655, 106.2
BD	5, 575, 115.0
BE	18, 1765, 98.06
BEGE	8, 580, 72.5
BEI	7, 685, 97.86
BEIG	19, 1555, 81.84
BEIGE	1834, 134650, 73.42
BEIGH	10, 680, 68.0
BERG	18, 1925, 106.94
BERGA	9, 775, 86.11
BERGE	18, 1555, 86.39
BERGU	8, 470, 58.75
BG	1111, 58355, 52.52
BG.	12, 600, 50.0
BGDY	9, 600, 66.67
BGE	705, 35555, 50.43
BH	15, 1520, 101.33
BI	29, 2805, 96.72
BIACK	16, 1220, 76.25
BIEGE	149, 10140, 68.05
BIK	180, 16405, 91.14
BIL	12, 1180, 98.33
BIU	30, 3250, 108.33
BIUE	13, 1155, 88.85
BJ	11, 1020, 92.73
BK	1359339, 83377365, 61.34
BK GY	5, 250, 50.0
BK-BL	13, 650, 50.0
BK-GY	31, 1550, 50.0
BK-TN	7, 350, 50.0
BK.	199, 10265, 51.58
BK/	412, 27510, 66.77
BK/RD	16, 1220, 76.25
BK/WH	13, 930, 71.54
BKACJ	7, 470, 67.14
BKB	66, 4745, 71.89
BKBK	47, 2350, 50.0
BKBL	431, 21550, 50.0
BKBR	49, 2450, 50.0
BKG	378, 24185, 63.98
BKGL	37, 1850, 50.0
BKGR	354, 17700, 50.0
BKGY	1515, 75745, 50.0
BKJ	22, 1860, 84.55
BKK	7, 640, 91.43
BKL	17, 1610, 94.71
BKMR	26, 1300, 50.0
BKN	6, 620, 103.33
BKOR	18, 910, 50.56
BKPR	17, 850, 50.0
BKR	70, 4930, 70.43
BKRD	205, 10250, 50.0
BKT	106, 7160, 67.55
BKTN	154, 7700, 50.0
BKW	183, 10755, 58.77
BKWH	110, 5605, 50.95
BKY	12, 850, 70.83
BKYW	21, 1050, 50.0
BL	584480, 35804210, 61.26
BL BK	6, 365, 60.83
BL GN	6, 300, 50.0
BL WH	8, 610, 76.25
BL WT	6, 560, 93.33
BL-GR	10, 500, 50.0
BL-GY	21, 1050, 50.0
BL-TN	7, 350, 50.0
BL-WH	13, 650, 50.0
BL.	102, 5215, 51.13
BL/	681, 42585, 62.53
BL/GR	14, 1280, 91.43
BL/GY	14, 1435, 102.5
BL/WH	39, 3640, 93.33
BL/WT	11, 1265, 115.0
BLA	72, 7325, 101.74
BLAC	61, 4745, 77.79
BLACJ	7, 380, 54.29
BLACK	726263, 50963225, 70.17
BLACL	37, 2605, 70.41
BLAK	28, 1945, 69.46
BLAKC	20, 1940, 97.0
BLAVK	7, 550, 78.57
BLB	59, 4110, 69.66
BLBK	72, 3600, 50.0
BLBL	236, 11800, 50.0
BLBR	32, 1600, 50.0
BLC	7, 580, 82.86
BLCAK	5, 445, 89.0
BLCK	268, 23570, 87.95
BLE	35, 2975, 85.0
BLECK	5, 465, 93.0
BLEU	5, 435, 87.0
BLG	1299, 92690, 71.35
BLGL	21, 1050, 50.0
BLGR	348, 17465, 50.19
BLGY	715, 35805, 50.08
BLIE	5, 435, 87.0
BLK	83741, 7131550, 85.16
BLK-B	14, 765, 54.64
BLK.	52, 2655, 51.06
BLK/B	72, 3600, 50.0
BLK/R	10, 925, 92.5
BLKL	9, 965, 107.22
BLL	5, 450, 90.0
BLLK	18, 1525, 84.72
BLMR	13, 650, 50.0
BLOR	9, 450, 50.0
BLP	7, 475, 67.86
BLPR	12, 600, 50.0
BLR	13, 1160, 89.23
BLRD	67, 3350, 50.0
BLT	35, 2315, 66.14
BLTN	50, 2500, 50.0
BLU	11037, 739395, 66.99
BLU-B	6, 300, 50.0
BLU.	10, 525, 52.5
BLU/B	27, 1350, 50.0
BLU/W	5, 575, 115.0
BLUE	311037, 22148250, 71.21
BLUE.	32, 1680, 52.5
BLUE/	14, 1275, 91.07
BLULE	13, 1015, 78.08
BLUR	9, 665, 73.89
BLUW	6, 500, 83.33
BLV	25, 2420, 96.8
BLVD	6, 690, 115.0
BLW	814, 56365, 69.24
BLWH	564, 28475, 50.49
BLYW	11, 550, 50.0
BM	49, 5510, 112.45
BMW	23, 2440, 106.09
BN	3302, 334120, 101.19
BNZ	5, 250, 50.0
BO	7, 680, 97.14
BOWN	14, 1555, 111.07
BR	89980, 6218325, 69.11
BR.	8, 400, 50.0
BR/	43, 2860, 66.51
BRAY	5, 575, 115.0
BRB	9, 875, 97.22
BRBK	10, 500, 50.0
BRBL	44, 2200, 50.0
BRBR	12, 600, 50.0
BRD	14, 1225, 87.5
BRG	23, 1870, 81.3
BRGDY	5, 315, 63.0
BRGL	5, 295, 59.0
BRGND	5, 385, 77.0
BRGR	36, 1800, 50.0
BRGY	111, 5550, 50.0
BRIGE	8, 495, 61.88
BRK	14, 1325, 94.64
BRM	31, 3390, 109.35
BRN	11256, 1220545, 108.44
BRNW	14, 1425, 101.79
BRNZE	6, 295, 49.17
BRO	1383, 108205, 78.24
BRON	32, 3210, 100.31
BRONW	11, 1095, 99.55
BRONX	5, 450, 90.0
BRONZ	83, 5310, 63.98
BROW	198, 20595, 104.02
BROWM	22, 2285, 103.86
BROWN	304521, 28631130, 94.02
BRRD	22, 1100, 50.0
BRT	36, 2435, 67.64
BRTN	13, 650, 50.0
BRUG	7, 575, 82.14
BRW	853, 90935, 106.61
BRWN	1488, 156405, 105.11
BRWON	31, 3275, 105.65
BRY	9, 625, 69.44
BRZ	147, 7415, 50.44
BU	27, 2600, 96.3
BUE	13, 965, 74.23
BUG	8, 850, 106.25
BUICK	15, 920, 61.33
BUL	12, 1320, 110.0
BUR	142, 13300, 93.66
BURG	1130, 101245, 89.6
BURG.	5, 250, 50.0
BURGA	298, 24875, 83.47
BURGD	7, 530, 75.71
BURGE	21, 1735, 82.62
BURGI	5, 300, 60.0
BURGN	18, 1460, 81.11
BURGU	668, 56335, 84.33
BURGY	12, 935, 77.92
BURUN	10, 625, 62.5
BURY	7, 715, 102.14
BUS	9, 685, 76.11
BW	278, 26765, 96.28
BWE	6, 550, 91.67
BWN	367, 40280, 109.75
BWR	5, 445, 89.0
BX	48, 4955, 103.23
BY	30, 3080, 102.67
BZ	21, 1115, 53.1
CHAMP	35, 2465, 70.43
CHAR	6, 300, 50.0
CHARC	8, 530, 66.25
CHROM	39, 2095, 53.72
CHRYS	6, 510, 85.0
CJH	7, 595, 85.0
CL	34, 1745, 51.32
CL.	5, 250, 50.0
CM	31, 1560, 50.32
COIO	8, 920, 115.0
COLD	6, 410, 68.33
COLOR	10, 940, 94.0
COM	8, 400, 50.0
COPPE	25, 1635, 65.4
CPR	21, 1050, 50.0
CR	6, 510, 85.0
CRAY	5, 450, 90.0
CREAM	88, 6375, 72.44
CRM	73, 3890, 53.29
CRY	7, 700, 100.0
D	6, 540, 90.0
D GRA	6, 270, 45.0
D GRE	9, 405, 45.0
DARK	137, 7690, 56.13
DARKB	9, 720, 80.0
DARKG	12, 975, 81.25
DBK	30, 1500, 50.0
DBL	224, 11330, 50.58
DBLUE	6, 275, 45.83
DGR	78, 3900, 50.0
DGRAY	9, 405, 45.0
DGREY	6, 270, 45.0
DGY	13, 650, 50.0
DK	7, 720, 102.86
DK BL	10, 635, 63.5
DK GR	15, 1200, 80.0
DK GY	16, 1275, 79.69
DK-BL	20, 1000, 50.0
DK-GR	23, 1150, 50.0
DK-GY	32, 1600, 50.0
DK-RD	23, 1150, 50.0
DK/	8062, 501070, 62.15
DKB	3061, 205845, 67.25
DKBL	1583, 79295, 50.09
DKBLU	9, 985, 109.44
DKBR	80, 4000, 50.0
DKDK	11, 550, 50.0
DKG	6173, 389490, 63.1
DKGL	27, 1350, 50.0
DKGR	619, 31080, 50.21
DKGRA	7, 770, 110.0
DKGRE	11, 780, 70.91
DKGRY	12, 935, 77.92
DKGY	3035, 152685, 50.31
DKM	68, 4040, 59.41
DKMR	36, 1800, 50.0
DKO	18, 1120, 62.22
DKOR	21, 1050, 50.0
DKP	124, 8120, 65.48
DKPR	48, 2400, 50.0
DKR	1313, 85600, 65.19
DKRD	760, 37955, 49.94
DKT	90, 5690, 63.22
DKTN	33, 1650, 50.0
DKW	8, 335, 41.88
DKWH	7, 415, 59.29
DRK	10, 975, 97.5
DSI	9, 450, 50.0
DWH	10, 500, 50.0
EY	6, 640, 106.67
FORD	16, 1295, 80.94
FREIG	15, 1585, 105.67
FREY	5, 575, 115.0
G	519, 46665, 89.91
GARY	34, 2930, 86.18
GAY	25, 2310, 92.4
GD	1020, 69945, 68.57
GD.	5, 250, 50.0
GE	6, 550, 91.67
GEEN	6, 550, 91.67
GEN	7, 695, 99.29
GERY	13, 955, 73.46
GEY	59, 5495, 93.14
GH	5, 505, 101.0
GK	13, 1420, 109.23
GL	65242, 3954505, 60.61
GL/	47, 3230, 68.72
GLB	20, 1280, 64.0
GLBL	34, 1700, 50.0
GLBR	13, 650, 50.0
GLD	1516, 93670, 61.79
GLG	19, 1175, 61.84
GLGR	14, 700, 50.0
GLGY	70, 3500, 50.0
GLOD	5, 495, 99.0
GLRD	5, 250, 50.0
GLT	12, 890, 74.17
GLTN	18, 900, 50.0
GLW	5, 295, 59.0
GM	13, 1315, 101.15
GMC	5, 405, 81.0
GN	4717, 389460, 82.57
GN.	33, 1650, 50.0
GO	8, 735, 91.88
GOL	6, 560, 93.33
GOLD	50119, 3379150, 67.42
GOLDE	14, 830, 59.29
GR	237234, 14842845, 62.57
GR-GY	11, 550, 50.0
GR.	5, 250, 50.0
GR/	303, 19850, 65.51
GR/WH	10, 1095, 109.5
GRA	40, 3300, 82.5
GRAN	5, 445, 89.0
GRAT	28, 2495, 89.11
GRAU	14, 1000, 71.43
GRAY	73742, 6192400, 83.97
GRAY.	9, 450, 50.0
GRAYQ	6, 615, 102.5
GRAYT	5, 415, 83.0
GRB	83, 5150, 62.05
GRBK	30, 1500, 50.0
GRBL	103, 5150, 50.0
GRBR	17, 850, 50.0
GRE	103, 8720, 84.66
GREAM	5, 365, 73.0
GREAY	5, 440, 88.0
GREE	35, 2710, 77.43
GREEB	26, 2115, 81.35
GREEE	9, 685, 76.11
GREEM	19, 1800, 94.74
GREEN	148642, 11538220, 77.62
GREEY	6, 355, 59.17
GREG	11, 1035, 94.09
GREN	77, 6895, 89.55
GRET	25, 1715, 68.6
GREU	14, 1100, 78.57
GREY	449053, 31253090, 69.6
GREY.	15, 750, 50.0
GRG	178, 11025, 61.94
GRGL	26, 1300, 50.0
GRGR	120, 6000, 50.0
GRGY	266, 13300, 50.0
GRM	5, 485, 97.0
GRN	7882, 632835, 80.29
GRN.	8, 400, 50.0
GRN/G	14, 700, 50.0
GRRD	39, 1950, 50.0
GRREN	16, 900, 56.25
GRT	94, 6180, 65.74
GRTN	78, 3900, 50.0
GRU	6, 565, 94.17
GRW	290, 26035, 89.78
GRWH	31, 1745, 56.29
GRY	40225, 3106915, 77.24
GRY-G	9, 450, 50.0
GRY.	18, 975, 54.17
GRY/G	44, 2200, 50.0
GRYA	8, 790, 98.75
GRYQ	5, 340, 68.0
GRYW	7, 350, 50.0
GT	13, 1325, 101.92
GU	9, 640, 71.11
GUY	7, 575, 82.14
GV	9, 1015, 112.78
GW	8, 865, 108.13
GX	8, 915, 114.38
GY	1680291, 102394865, 60.94
GY GN	7, 350, 50.0
GY-BL	13, 650, 50.0
GY-GR	21, 1050, 50.0
GY-GY	28, 1400, 50.0
GY-RD	7, 350, 50.0
GY-TN	19, 950, 50.0
GY.	211, 10890, 51.61
GY/	1043, 81085, 77.74
GY/BL	13, 1345, 103.46
GY/SI	5, 470, 94.0
GY/WH	10, 800, 80.0
GYB	208, 13845, 66.56
GYBK	156, 7800, 50.0
GYBL	615, 30880, 50.21
GYBR	101, 5050, 50.0
GYG	93, 5675, 61.02
GYGL	45, 2250, 50.0
GYGR	637, 31850, 50.0
GYGY	2159, 107950, 50.0
GYM	5, 215, 43.0
GYMR	39, 1950, 50.0
GYOR	10, 500, 50.0
GYP	10, 520, 52.0
GYPK	7, 350, 50.0
GYPR	45, 2250, 50.0
GYR	13, 1160, 89.23
GYRD	195, 9750, 50.0
GYT	178, 11400, 64.04
GYTN	230, 11545, 50.2
GYW	501, 46465, 92.74
GYWH	58, 2900, 50.0
HITE	6, 480, 80.0
IL	9, 1365, 151.67
IN	9, 865, 96.11
INTER	8, 820, 102.5
ITE	6, 545, 90.83
IVORY	10, 645, 64.5
K	13, 1045, 80.38
L BLU	6, 270, 45.0
L GRE	8, 360, 45.0
LAVEN	1544, 106040, 68.68
LBL	106, 5300, 50.0
LGR	35, 1815, 51.86
LGREE	7, 315, 45.0
LGREY	6, 270, 45.0
LGT	9, 450, 50.0
LIGHT	46, 2625, 57.07
LIME	14, 1200, 85.71
LK	7, 645, 92.14
LSI	10, 500, 50.0
LT	9, 510, 56.67
LT BL	20, 1520, 76.0
LT GR	7, 590, 84.29
LT GY	16, 1335, 83.44
LT-BL	14, 700, 50.0
LT-GR	15, 750, 50.0
LT-GY	96, 4800, 50.0
LT-TN	9, 450, 50.0
LT/	8780, 547475, 62.35
LT/BL	7, 670, 95.71
LT/GR	6, 690, 115.0
LT/GY	7, 740, 105.71
LTB	1470, 93690, 63.73
LTBK	12, 600, 50.0
LTBL	707, 35610, 50.37
LTBLU	18, 1380, 76.67
LTBR	155, 7750, 50.0
LTG	13793, 890410, 64.56
LTGL	63, 3150, 50.0
LTGR	562, 28165, 50.12
LTGY	6520, 326275, 50.04
LTMR	5, 250, 50.0
LTP	49, 3225, 65.82
LTPK	5, 250, 50.0
LTPR	17, 850, 50.0
LTR	21, 1490, 70.95
LTRD	16, 800, 50.0
LTT	461, 28905, 62.7
LTTN	258, 12900, 50.0
LTW	7, 335, 47.86
LTY	33, 2190, 66.36
LWH	18, 900, 50.0
M/C	16, 1585, 99.06
MA	33, 2055, 62.27
MAR	962, 60480, 62.87
MARN	6, 310, 51.67
MARO	13, 980, 75.38
MARON	30, 2400, 80.0
MAROO	1665, 122270, 73.44
MARRO	44, 3220, 73.18
MBL	6, 300, 50.0
MC	78, 6930, 88.85
MD	5, 405, 81.0
ME	11, 725, 65.91
METAL	9, 1095, 121.67
MI	6, 480, 80.0
MK	9, 915, 101.67
MN	350, 19095, 54.56
MN.	10, 500, 50.0
MOR	5, 425, 85.0
MR	37848, 2455575, 64.88
MR/	24, 1645, 68.54
MRB	8, 690, 86.25
MRBK	6, 300, 50.0
MRBL	19, 950, 50.0
MRG	28, 1875, 66.96
MRGR	22, 1100, 50.0
MRGY	50, 2500, 50.0
MRN	65, 5110, 78.62
MRRD	11, 550, 50.0
MRT	8, 690, 86.25
MRTN	7, 350, 50.0
MRW	8, 510, 63.75
MUITI	6, 590, 98.33
MUL	90, 4500, 50.0
MULIT	6, 480, 80.0
MULT	12, 1085, 90.42
MULTI	239, 21650, 90.59
MUTIL	7, 700, 100.0
MUTLI	6, 520, 86.67
N	14, 980, 70.0
N/A	6, 290, 48.33
N/S	7, 475, 67.86
NA	17, 1110, 65.29
NAROO	5, 435, 87.0
NAVY	70, 5625, 80.36
NAVYB	11, 965, 87.73
NCLR	20, 1000, 50.0
NH	14, 1325, 94.64
NLK	6, 565, 94.17
NLUE	5, 445, 89.0
NO	363, 23500, 64.74
NOC	1059, 84455, 79.75
NOCL	326, 16300, 50.0
NR	11, 1055, 95.91
NYBLU	6, 540, 90.0
NYPD	21, 2155, 102.62
O	22, 1100, 50.0
OG	46, 2400, 52.17
OK	6, 520, 86.67
OLIVE	12, 785, 65.42
ONG	139, 7285, 52.41
OR	14375, 1012545, 70.44
OR/	37, 2890, 78.11
OR/WH	11, 785, 71.36
ORA	35, 3080, 88.0
ORAG	5, 575, 115.0
ORAGE	12, 1060, 88.33
ORAGN	7, 685, 97.86
ORAMG	5, 450, 90.0
ORAN	47, 4705, 100.11
ORANE	9, 965, 107.22
ORANG	16959, 1434840, 84.61
ORB	39, 3080, 78.97
ORBK	27, 1350, 50.0
ORG	199, 19930, 100.15
ORGY	6, 300, 50.0
ORN	23, 1615, 70.22
ORNAG	8, 625, 78.13
ORNG	14, 1155, 82.5
ORW	176, 15115, 85.88
ORWH	32, 1600, 50.0
OTH	14, 995, 71.07
OTHER	112777, 7409425, 65.7
PEARL	18, 995, 55.28
PEW	12, 600, 50.0
PEWT	6, 300, 50.0
PEWTE	13, 750, 57.69
PINK	155, 16205, 104.55
PK	279, 16360, 58.64
PL	70, 3795, 54.21
PLE	86, 4520, 52.56
PR	6003, 361760, 60.26
PR/	10, 450, 45.0
PRBL	5, 250, 50.0
PRGY	6, 300, 50.0
PRL	5, 305, 61.0
PRWH	7, 350, 50.0
PUPLE	5, 415, 83.0
PUR	132, 10270, 77.8
PURLE	5, 390, 78.0
PURP	107, 10895, 101.82
PURPL	7705, 560730, 72.77
PWTR	7, 350, 50.0
R	304, 32030, 105.36
R/W	6, 690, 115.0
RAY	9, 825, 91.67
RD	369304, 23485655, 63.59
RD B	20, 1000, 50.0
RD BK	18, 900, 50.0
RD WT	5, 575, 115.0
RD-GY	19, 950, 50.0
RD.	76, 3865, 50.86
RD/	1357, 117485, 86.58
RD/BK	11, 1115, 101.36
RD/WH	18, 1695, 94.17
RDB	193, 14125, 73.19
RDBK	120, 6065, 50.54
RDBL	114, 5765, 50.57
RDBLK	6, 430, 71.67
RDBR	37, 1850, 50.0
RDG	188, 11995, 63.8
RDGL	14, 700, 50.0
RDGR	127, 6350, 50.0
RDGY	399, 19950, 50.0
RDMR	7, 350, 50.0
RDPR	8, 400, 50.0
RDRD	46, 2300, 50.0
RDT	72, 4960, 68.89
RDTN	43, 2150, 50.0
RDW	1071, 102370, 95.58
RDWH	102, 5260, 51.57
RDY	22, 1590, 72.27
RDYW	16, 800, 50.0
RE	28, 2780, 99.29
RED	283793, 21399945, 75.41
RED-R	7, 350, 50.0
RED.	26, 1365, 52.5
RED/B	6, 500, 83.33
RED/R	20, 1000, 50.0
RED/W	8, 730, 91.25
REDWH	17, 1715, 100.88
ROWN	11, 1040, 94.55
RR	5, 445, 89.0
RTED	5, 505, 101.0
RUST	83, 4845, 58.37
S	52, 2880, 55.38
SAND	25, 1270, 50.8
SC	33, 1850, 56.06
SE	6, 410, 68.33
SI	44, 4050, 92.05
SIILV	38, 3155, 83.03
SIL	10431, 645540, 61.89
SIL-S	17, 850, 50.0
SIL.	9, 450, 50.0
SIL/S	49, 2450, 50.0
SILER	17, 1365, 80.29
SILEV	26, 2155, 82.88
SILV	2383, 191200, 80.23
SILVB	5, 310, 62.0
SILVE	334323, 22240480, 66.52
SILVR	3605, 267785, 74.28
SIV	56, 5170, 92.32
SIVE	5, 385, 77.0
SIVER	76, 5935, 78.09
SIVLE	131, 10130, 77.33
SIVR	17, 2005, 117.94
SK	7, 635, 90.71
SL	12870, 700920, 54.46
SL.	154, 7700, 50.0
SLATE	5, 260, 52.0
SLE	7, 475, 67.86
SLI	5, 625, 125.0
SLIV	5, 390, 78.0
SLIVE	76, 5775, 75.99
SLPL	5, 250, 50.0
SLR	126, 8895, 70.6
SLV	775, 61645, 79.54
SLVE	10, 1120, 112.0
SLVER	36, 2760, 76.67
SLVR	718, 58960, 82.12
SN	5, 575, 115.0
SR	10, 965, 96.5
SUBAR	7, 580, 82.86
SV	50, 4005, 80.1
SVR	5, 555, 111.0
SW	6, 480, 80.0
SY	10, 1080, 108.0
SYL	6, 690, 115.0
T	7, 500, 71.43
TA	11, 1015, 92.27
TAB	6, 470, 78.33
TAM	12, 1230, 102.5
TAN	65558, 4752290, 72.49
TAN.	9, 450, 50.0
TAUPE	26, 1640, 63.08
TAURD	5, 250, 50.0
TEA	27, 1350, 50.0
TEAL	118, 7845, 66.48
TED	8, 540, 67.5
TEN	5, 250, 50.0
TL	11, 550, 50.0
TN	157220, 9540220, 60.68
TN.	17, 850, 50.0
TN/	55, 3705, 67.36
TN/GY	9, 740, 82.22
TNB	34, 1985, 58.38
TNBK	19, 950, 50.0
TNBL	39, 1950, 50.0
TNBR	18, 900, 50.0
TNG	59, 4050, 68.64
TNGL	11, 550, 50.0
TNGR	74, 3700, 50.0
TNGY	142, 7230, 50.92
TNPR	7, 350, 50.0
TNR	6, 455, 75.83
TNRD	35, 1740, 49.71
TNT	5, 505, 101.0
TNTN	41, 2050, 50.0
TNWH	6, 300, 50.0
TP	29, 1450, 50.0
TPE	9, 450, 50.0
TQ	11, 550, 50.0
TURQU	8, 455, 56.88
TW	8, 760, 95.0
TX	6, 600, 100.0
UNK	622, 31165, 50.1
UNKNO	580, 29000, 50.0
VAN	16, 1490, 93.13
VN  B	20, 1000, 50.0
VN  G	17, 850, 50.0
VN  R	10, 500, 50.0
VN  S	8, 400, 50.0
VN  W	9, 450, 50.0
VVH	21, 2000, 95.24
W	1625, 155905, 95.94
W/BL	5, 500, 100.0
WA	7, 820, 117.14
WG	24, 2305, 96.04
WGITE	6, 570, 95.0
WGT	6, 690, 115.0
WGUTE	10, 980, 98.0
WH	1587539, 106526290, 67.1
WH BL	6, 565, 94.17
WH GN	5, 245, 49.0
WH-	7, 755, 107.86
WH-BL	31, 1550, 50.0
WH-GR	6, 300, 50.0
WH-GY	16, 800, 50.0
WH-TN	7, 350, 50.0
WH.	51, 2890, 56.67
WH/	1228, 95055, 77.41
WH/BK	15, 1435, 95.67
WH/BL	62, 6110, 98.55
WH/GR	29, 3145, 108.45
WH/OR	11, 1070, 97.27
WH/RD	13, 1395, 107.31
WHB	1051, 77955, 74.17
WHBK	91, 4565, 50.16
WHBL	1834, 91975, 50.15
WHBR	32, 1600, 50.0
WHE	20, 1550, 77.5
WHG	726, 60865, 83.84
WHGL	43, 2150, 50.0
WHGR	224, 11200, 50.0
WHGY	931, 46560, 50.01
WHI	12320, 677850, 55.02
WHI-W	12, 600, 50.0
WHIE	23, 1820, 79.13
WHIET	53, 4250, 80.19
WHIT	367, 33545, 91.4
WHITE	1484664, 116310315, 78.34
WHITR	8, 815, 101.88
WHITT	6, 640, 106.67
WHITW	8, 840, 105.0
WHITY	5, 405, 81.0
WHM	5, 345, 69.0
WHMR	35, 1750, 50.0
WHO	708, 68190, 96.31
WHOR	54, 2765, 51.2
WHP	17, 1175, 69.12
WHPR	8, 400, 50.0
WHR	250, 19525, 78.1
WHRD	229, 11450, 50.0
WHT	34836, 3342020, 95.94
WHT.	23, 1150, 50.0
WHT/B	7, 605, 86.43
WHT/W	30, 1500, 50.0
WHTE	160, 14310, 89.44
WHTIE	263, 24200, 92.02
WHTN	110, 5500, 50.0
WHUIT	5, 390, 78.0
WHWH	50, 2500, 50.0
WHY	50, 4285, 85.7
WHYW	60, 3065, 51.08
WI	6, 560, 93.33
WIHTE	5, 455, 91.0
WINE	10, 680, 68.0
WIT	5, 505, 101.0
WITE	12, 935, 77.92
WJ	13, 1375, 105.77
WJH	5, 250, 50.0
WJOTE	9, 710, 78.89
WK	5, 555, 111.0
WL	22, 2245, 102.05
WM	10, 1040, 104.0
WN	15, 1425, 95.0
WT	23870, 1603000, 67.16
WT.	143, 7150, 50.0
WT/BL	44, 4935, 112.16
WTE	105, 10475, 99.76
WTH	50, 5300, 106.0
WW	18, 2020, 112.22
WWH	7, 640, 91.43
WWHIT	39, 3055, 78.33
WY	24, 2375, 98.96
White	24, 1200, 50.0
XXX	119, 5950, 50.0
Y	27, 2655, 98.33
YE	18, 1785, 99.17
YEL	832, 74690, 89.77
YELL	847, 80150, 94.63
YELLL	9, 795, 88.33
YELLO	49450, 4123110, 83.38
YELLW	61, 5090, 83.44
YELO	5, 435, 87.0
YELOW	15, 1220, 81.33
YL	410, 42560, 103.8
YLL	11, 1175, 106.82
YLLW	43, 2610, 60.7
YLW	99, 8950, 90.4
YO	6, 690, 115.0
YW	90912, 6124380, 67.37
YW.	8, 400, 50.0
YW/	122, 10370, 85.0
YWB	256, 21025, 82.13
YWBK	12, 600, 50.0
YWBL	29, 1450, 50.0
YWG	14, 960, 68.57
YWGR	5, 250, 50.0
YWGY	12, 600, 50.0
YWW	55, 3935, 71.55
YWWH	7, 350, 50.0
