Type	Count, Total Dollars, Average
A	6, 310, 51.67
ACURA	5, 365, 73.0
ALUMI	13, 645, 49.62
AMETH	13, 650, 50.0
AQ	28, 1400, 50.0
AQUA	7, 470, 67.14
B	293, 24965, 85.2
B LAC	7, 470, 67.14
B LK	8, 640, 80.0
B LUE	12, 815, 67.92
B/W	14, 1410, 100.71
BA	5, 390, 78.0
BACK	7, 585, 83.57
BAGE	7, 455, 65.0
BAIGE	19, 1665, 87.63
BALCK	38, 2755, 72.5
BC	6, 460, 76.67
BCK	21, 1805, 85.95
BD	8, 870, 108.75
BE	28, 2665, 95.18
BEGE	8, 625, 78.13
BEI	16, 1125, 70.31
BEIG	17, 1190, 70.0
BEIGE	1867, 134485, 72.03
BEN	8, 900, 112.5
BERG	17, 1605, 94.41
BERGE	15, 1320, 88.0
BERGU	11, 645, 58.64
BG	983, 51915, 52.81
BG.	18, 900, 50.0
BGDY	7, 350, 50.0
BGE	527, 26930, 51.1
BGY	7, 545, 77.86
BH	11, 710, 64.55
BI	26, 2270, 87.31
BIACK	9, 630, 70.0
BIEGE	151, 10590, 70.13
BIGE	8, 560, 70.0
BIK	128, 11425, 89.26
BIN	5, 570, 114.0
BIU	26, 2535, 97.5
BIUE	13, 810, 62.31
BJ	5, 525, 105.0
BK	1134376, 69506755, 61.27
BK-GY	7, 350, 50.0
BK-RD	5, 250, 50.0
BK.	165, 8500, 51.52
BK/	430, 29735, 69.15
BK/GY	10, 845, 84.5
BK/RD	8, 865, 108.13
BK/WH	7, 755, 107.86
BKB	54, 4190, 77.59
BKBK	33, 1645, 49.85
BKBL	395, 19745, 49.99
BKBR	37, 1850, 50.0
BKG	262, 17040, 65.04
BKGL	22, 1100, 50.0
BKGR	252, 12600, 50.0
BKGY	1105, 55355, 50.1
BKJ	10, 920, 92.0
BKL	29, 2710, 93.45
BKMR	25, 1250, 50.0
BKO	7, 400, 57.14
BKOR	8, 395, 49.38
BKPK	5, 250, 50.0
BKPR	8, 400, 50.0
BKR	50, 3380, 67.6
BKRD	135, 6905, 51.15
BKT	74, 4920, 66.49
BKTN	130, 6500, 50.0
BKW	152, 10540, 69.34
BKWH	98, 5125, 52.3
BKY	7, 295, 42.14
BKYW	11, 550, 50.0
BL	501727, 30691575, 61.17
BL GY	5, 395, 79.0
BL WH	12, 865, 72.08
BL WT	8, 660, 82.5
BL-GR	7, 350, 50.0
BL-GY	12, 600, 50.0
BL-WH	9, 450, 50.0
BL.	80, 3995, 49.94
BL/	674, 42095, 62.46
BL/GR	11, 785, 71.36
BL/GY	10, 1010, 101.0
BL/WH	57, 5205, 91.32
BL/WT	9, 1035, 115.0
BLA	62, 5950, 95.97
BLAC	65, 4860, 74.77
BLACJ	13, 1040, 80.0
BLACK	636774, 43979525, 69.07
BLACL	33, 2660, 80.61
BLAK	37, 2770, 74.86
BLAKC	51, 3970, 77.84
BLAVK	7, 430, 61.43
BLB	60, 4155, 69.25
BLBK	42, 2100, 50.0
BLBL	152, 7600, 50.0
BLBR	14, 700, 50.0
BLC	10, 745, 74.5
BLCAK	12, 800, 66.67
BLCK	271, 22425, 82.75
BLE	48, 4510, 93.96
BLG	1737, 130200, 74.96
BLGL	16, 800, 50.0
BLGR	254, 12705, 50.02
BLGY	584, 29215, 50.03
BLIE	9, 665, 73.89
BLK	73546, 6229085, 84.7
BLK-B	13, 650, 50.0
BLK.	41, 2065, 50.37
BLK/B	38, 2030, 53.42
BLK/R	8, 870, 108.75
BLKJ	5, 385, 77.0
BLLK	12, 1165, 97.08
BLMR	5, 250, 50.0
BLN	7, 820, 117.14
BLO	5, 315, 63.0
BLPR	8, 400, 50.0
BLR	12, 1220, 101.67
BLRD	55, 2750, 50.0
BLT	17, 1275, 75.0
BLTN	60, 3000, 50.0
BLU	9547, 643250, 67.38
BLU-B	5, 250, 50.0
BLU.	6, 300, 50.0
BLU/B	27, 1350, 50.0
BLU/G	6, 475, 79.17
BLU/W	14, 1360, 97.14
BLUE	290053, 20378920, 70.26
BLUE.	18, 900, 50.0
BLUE/	19, 1625, 85.53
BLUEG	8, 635, 79.38
BLUEQ	6, 440, 73.33
BLUEW	7, 735, 105.0
BLUR	18, 1395, 77.5
BLUW	5, 505, 101.0
BLV	18, 1650, 91.67
BLW	1658, 123245, 74.33
BLWH	368, 18705, 50.83
BLWT	6, 690, 115.0
BLYE	7, 460, 65.71
BM	39, 4155, 106.54
BMW	27, 3025, 112.04
BN	3539, 368170, 104.03
BO	12, 1325, 110.42
BOWN	9, 855, 95.0
BR	77955, 5450895, 69.92
BR/	41, 2505, 61.1
BRBL	32, 1600, 50.0
BRBR	10, 500, 50.0
BRD	5, 455, 91.0
BRG	44, 3475, 78.98
BRGR	19, 950, 50.0
BRGY	99, 4950, 50.0
BRIGE	6, 465, 77.5
BRM	21, 2190, 104.29
BRN	10716, 1158425, 108.1
BRN/B	6, 300, 50.0
BRNW	10, 1150, 115.0
BRNZ	5, 380, 76.0
BRO	1164, 91395, 78.52
BRON	22, 2170, 98.64
BRONW	49, 5080, 103.67
BRONZ	97, 6225, 64.18
BROOW	5, 575, 115.0
BROW	151, 15730, 104.17
BROWB	9, 980, 108.89
BROWM	25, 2580, 103.2
BROWN	290440, 27337290, 94.12
BRPWN	6, 690, 115.0
BRRD	9, 450, 50.0
BRT	38, 2115, 55.66
BRTN	21, 1050, 50.0
BRU	11, 1160, 105.45
BRUG	6, 580, 96.67
BRW	784, 81680, 104.18
BRWN	1562, 160660, 102.86
BRWON	22, 2300, 104.55
BRY	9, 860, 95.56
BRZ	130, 6500, 50.0
BU	32, 2945, 92.03
BUE	8, 730, 91.25
BUICK	17, 1290, 75.88
BUL	6, 370, 61.67
BUR	138, 11775, 85.33
BURD	6, 680, 113.33
BURG	987, 87440, 88.59
BURGA	272, 21975, 80.79
BURGD	12, 930, 77.5
BURGE	18, 1420, 78.89
BURGN	9, 735, 81.67
BURGU	634, 52985, 83.57
BURGY	26, 1955, 75.19
BURUN	21, 2035, 96.9
BURY	8, 735, 91.88
BUS	12, 1310, 109.17
BV	6, 690, 115.0
BW	270, 26985, 99.94
BWM	13, 1495, 115.0
BWN	507, 55875, 110.21
BWR	5, 555, 111.0
BX	44, 4580, 104.09
BY	17, 1995, 117.35
BZ	17, 915, 53.82
CHAMP	32, 2540, 79.38
CHARC	28, 1880, 67.14
CHROM	26, 1565, 60.19
CHRYS	8, 625, 78.13
CL	25, 1250, 50.0
CM	37, 2045, 55.27
COLOR	16, 1640, 102.5
COM	7, 350, 50.0
COOPE	7, 530, 75.71
COPPE	25, 1595, 63.8
CPR	16, 795, 49.69
CREAM	82, 5640, 68.78
CRM	56, 2940, 52.5
CY	5, 385, 77.0
D BLU	5, 285, 57.0
D GRE	6, 270, 45.0
DARK	147, 8215, 55.88
DARKB	9, 775, 86.11
DARKG	12, 1085, 90.42
DBL	199, 9950, 50.0
DBLUE	6, 270, 45.0
DGR	61, 3115, 51.07
DGRAY	5, 295, 59.0
DGY	8, 400, 50.0
DK	6, 570, 95.0
DK BL	9, 615, 68.33
DK GR	26, 1905, 73.27
DK GY	10, 910, 91.0
DK RD	7, 325, 46.43
DK-BL	12, 600, 50.0
DK-GR	10, 500, 50.0
DK-GY	23, 1150, 50.0
DK-RD	16, 800, 50.0
DK/	7647, 468960, 61.33
DKB	2740, 180490, 65.87
DKBK	5, 315, 63.0
DKBL	1147, 57455, 50.09
DKBLU	15, 1225, 81.67
DKBR	62, 3100, 50.0
DKDK	6, 300, 50.0
DKG	5597, 343920, 61.45
DKGL	30, 1500, 50.0
DKGR	473, 23650, 50.0
DKGRA	8, 725, 90.63
DKGRE	21, 1465, 69.76
DKGRY	10, 610, 61.0
DKGY	2235, 112020, 50.12
DKM	81, 4980, 61.48
DKMR	32, 1600, 50.0
DKO	23, 1450, 63.04
DKOR	9, 450, 50.0
DKP	117, 7475, 63.89
DKPR	37, 1850, 50.0
DKR	1049, 69855, 66.59
DKRD	622, 31065, 49.94
DKT	64, 3625, 56.64
DKTN	26, 1300, 50.0
DR	10, 980, 98.0
DRK	8, 640, 80.0
ED	7, 560, 80.0
EHT	5, 445, 89.0
FORD	14, 1075, 76.79
FR	5, 475, 95.0
FREIG	19, 2160, 113.68
G	387, 35240, 91.06
G Y	11, 960, 87.27
GA	8, 635, 79.38
GARY	34, 2620, 77.06
GAY	35, 3615, 103.29
GD	879, 59300, 67.46
GD.	10, 500, 50.0
GEEN	5, 330, 66.0
GEN	5, 325, 65.0
GERY	12, 940, 78.33
GEY	41, 3260, 79.51
GH	5, 505, 101.0
GK	17, 1485, 87.35
GL	54529, 3290265, 60.34
GL/	19, 1200, 63.16
GLB	11, 655, 59.55
GLBK	9, 450, 50.0
GLBL	28, 1400, 50.0
GLBR	5, 250, 50.0
GLD	1351, 85560, 63.33
GLG	11, 790, 71.82
GLGR	19, 950, 50.0
GLGY	56, 2800, 50.0
GLM	6, 310, 51.67
GLT	17, 1180, 69.41
GLTN	13, 650, 50.0
GLW	7, 555, 79.29
GM	10, 790, 79.0
GN	4686, 390485, 83.33
GN.	29, 1450, 50.0
GNY	5, 525, 105.0
GO	5, 405, 81.0
GOL	12, 1160, 96.67
GOLD	47565, 3184060, 66.94
GOLDE	7, 1305, 186.43
GR	203619, 12769330, 62.71
GR.	7, 405, 57.86
GR/	268, 18290, 68.25
GR/WH	9, 935, 103.89
GRA	28, 2275, 81.25
GRAT	14, 1330, 95.0
GRAU	15, 1085, 72.33
GRAUY	5, 285, 57.0
GRAY	67362, 5440345, 80.76
GRAY.	9, 450, 50.0
GRAY/	5, 440, 88.0
GRAYT	6, 850, 141.67
GRB	71, 4675, 65.85
GRBK	18, 900, 50.0
GRBL	84, 4200, 50.0
GRBR	7, 350, 50.0
GRE	133, 10140, 76.24
GREAY	5, 370, 74.0
GREE	29, 2465, 85.0
GREEB	26, 2315, 89.04
GREEE	7, 735, 105.0
GREEM	10, 815, 81.5
GREEN	138063, 10670805, 77.29
GREEY	9, 595, 66.11
GREG	16, 1385, 86.56
GREN	89, 8185, 91.97
GRET	16, 875, 54.69
GREU	7, 385, 55.0
GREY	392267, 26875870, 68.51
GREY.	12, 660, 55.0
GRG	123, 7720, 62.76
GRGL	14, 700, 50.0
GRGR	65, 3250, 50.0
GRGY	225, 11245, 49.98
GRMR	5, 250, 50.0
GRN	7166, 588105, 82.07
GRN.	9, 450, 50.0
GRN/G	10, 500, 50.0
GRN/W	6, 575, 95.83
GRRAY	8, 670, 83.75
GRRD	20, 1000, 50.0
GRREN	6, 355, 59.17
GRT	81, 4965, 61.3
GRTN	26, 1300, 50.0
GRU	5, 380, 76.0
GRW	245, 21715, 88.63
GRWH	20, 1065, 53.25
GRY	34484, 2655780, 77.01
GRY-G	7, 350, 50.0
GRY.	11, 615, 55.91
GRY/G	32, 1600, 50.0
GT	19, 1635, 86.05
GU	18, 1510, 83.89
GV	9, 825, 91.67
GW	13, 1550, 119.23
GY	1412419, 85940655, 60.85
GY-BL	6, 300, 50.0
GY-GR	9, 450, 50.0
GY-GY	16, 800, 50.0
GY-TN	7, 350, 50.0
GY.	151, 7495, 49.64
GY/	948, 76250, 80.43
GY/BL	9, 895, 99.44
GY/BR	5, 620, 124.0
GY/W	5, 575, 115.0
GYB	207, 12980, 62.71
GYBK	96, 4865, 50.68
GYBL	454, 22895, 50.43
GYBR	71, 3550, 50.0
GYG	53, 2995, 56.51
GYGL	21, 1050, 50.0
GYGR	445, 22250, 50.0
GYGY	1569, 78450, 50.0
GYMR	24, 1200, 50.0
GYOR	8, 400, 50.0
GYPR	22, 1100, 50.0
GYR	11, 775, 70.45
GYRD	139, 6950, 50.0
GYT	138, 8290, 60.07
GYTN	176, 8930, 50.74
GYW	562, 49495, 88.07
GYWH	58, 2900, 50.0
HINO	5, 375, 75.0
HITE	11, 905, 82.27
ILVER	7, 535, 76.43
IN	5, 575, 115.0
INTER	10, 940, 94.0
JEEP	5, 380, 76.0
K	5, 445, 89.0
LACK	7, 570, 81.43
LAVEN	1428, 94335, 66.06
LBL	88, 4400, 50.0
LBLUE	13, 635, 48.85
LGR	40, 2000, 50.0
LGT	8, 400, 50.0
LIGHT	53, 3385, 63.87
LIME	28, 2150, 76.79
LT BL	16, 1530, 95.63
LT GR	9, 550, 61.11
LT-BL	8, 400, 50.0
LT-GR	13, 650, 50.0
LT-GY	78, 3900, 50.0
LT-TN	7, 350, 50.0
LT/	8290, 515845, 62.22
LT/GY	8, 920, 115.0
LTB	1260, 79105, 62.78
LTBK	6, 300, 50.0
LTBL	568, 28580, 50.32
LTBLU	29, 2785, 96.03
LTBR	141, 7050, 50.0
LTG	11722, 750515, 64.03
LTGL	64, 3200, 50.0
LTGR	434, 21765, 50.15
LTGRA	5, 520, 104.0
LTGY	4856, 242930, 50.03
LTMR	6, 300, 50.0
LTP	43, 3080, 71.63
LTPR	11, 550, 50.0
LTR	20, 1360, 68.0
LTT	434, 28430, 65.51
LTTN	223, 11215, 50.29
LTY	20, 1490, 74.5
LWH	7, 350, 50.0
M	9, 900, 100.0
M/C	14, 1505, 107.5
MA	24, 1645, 68.54
MACK	8, 690, 86.25
MAR	829, 50235, 60.6
MARN	20, 1660, 83.0
MARO	13, 745, 57.31
MARON	33, 1945, 58.94
MAROO	1639, 117635, 71.77
MARR	5, 225, 45.0
MARRO	29, 2060, 71.03
MC	55, 4820, 87.64
MD	9, 585, 65.0
ME	9, 580, 64.44
METAL	10, 600, 60.0
MI	6, 495, 82.5
MK	7, 750, 107.14
MN	348, 18600, 53.45
MN.	5, 250, 50.0
MR	32119, 2103800, 65.5
MR/	18, 1195, 66.39
MRB	6, 490, 81.67
MRBK	5, 250, 50.0
MRBL	11, 550, 50.0
MRG	16, 1115, 69.69
MRGR	11, 550, 50.0
MRGY	37, 1850, 50.0
MRN	69, 4955, 71.81
MRT	21, 1095, 52.14
MRTN	7, 350, 50.0
MUILT	7, 595, 85.0
MUL	59, 2950, 50.0
MULIT	7, 670, 95.71
MULT	16, 1620, 101.25
MULTI	258, 24855, 96.34
MUTI	6, 550, 91.67
MUTLI	5, 400, 80.0
N	7, 495, 70.71
N/S	6, 565, 94.17
NA	12, 600, 50.0
NAROO	5, 370, 74.0
NAVY	65, 5575, 85.77
NAVYB	8, 695, 86.88
NCLR	6, 300, 50.0
NH	9, 860, 95.56
NK	5, 330, 66.0
NLK	6, 595, 99.17
NLUE	5, 505, 101.0
NO	304, 19195, 63.14
NOC	950, 79585, 83.77
NOCL	269, 13450, 50.0
NR	7, 715, 102.14
NROWN	5, 575, 115.0
NY	5, 525, 105.0
NYPD	8, 795, 99.38
O	10, 485, 48.5
OG	46, 2390, 51.96
OH	9, 1015, 112.78
OK	6, 570, 95.0
OLIVE	13, 800, 61.54
ONG	125, 6435, 51.48
OR	12747, 907900, 71.22
OR/	33, 2565, 77.73
OR/WH	8, 590, 73.75
ORA	24, 2415, 100.63
ORAG	5, 555, 111.0
ORAGN	6, 565, 94.17
ORAN	46, 5165, 112.28
ORANG	15299, 1284080, 83.93
ORB	32, 2440, 76.25
ORBK	16, 865, 54.06
ORBL	8, 400, 50.0
ORG	170, 17005, 100.03
ORGAN	5, 465, 93.0
ORGY	6, 300, 50.0
ORN	28, 1805, 64.46
ORNAG	6, 550, 91.67
ORNG	20, 2020, 101.0
ORNGE	7, 435, 62.14
ORW	187, 16625, 88.9
ORWH	24, 1200, 50.0
OTH	39, 2385, 61.15
OTHER	99466, 6565315, 66.01
PEARL	26, 1395, 53.65
PEW	13, 650, 50.0
PEWTE	9, 540, 60.0
PINK	249, 24600, 98.8
PK	272, 16650, 61.21
PKWH	13, 650, 50.0
PL	53, 3875, 73.11
PLE	83, 5450, 65.66
PLP	5, 380, 76.0
PLUM	15, 1215, 81.0
PR	5235, 315835, 60.33
PR/	8, 380, 47.5
PRGY	13, 650, 50.0
PUPLE	6, 500, 83.33
PUR	66, 4685, 70.98
PURLE	7, 495, 70.71
PURP	57, 5110, 89.65
PURPL	7359, 538165, 73.13
PWTR	6, 300, 50.0
R	187, 19135, 102.33
R/W	6, 690, 115.0
RAY	8, 640, 80.0
RD	319684, 20595850, 64.43
RD B	20, 1000, 50.0
RD BK	39, 1950, 50.0
RD BL	5, 315, 63.0
RD WH	7, 370, 52.86
RD-GR	5, 250, 50.0
RD-GY	6, 300, 50.0
RD.	86, 4315, 50.17
RD/	1468, 129135, 87.97
RD/BK	8, 870, 108.75
RD/WH	12, 1135, 94.58
RD/WT	5, 575, 115.0
RDB	143, 10775, 75.35
RDBK	102, 5245, 51.42
RDBL	99, 4965, 50.15
RDBLK	10, 560, 56.0
RDBR	15, 750, 50.0
RDG	157, 10150, 64.65
RDGL	12, 600, 50.0
RDGR	89, 4450, 50.0
RDGY	266, 13300, 50.0
RDPR	8, 400, 50.0
RDRD	54, 2700, 50.0
RDT	73, 5200, 71.23
RDTN	46, 2300, 50.0
RDW	1483, 140915, 95.02
RDWH	88, 4545, 51.65
RDY	18, 1000, 55.56
RDYW	12, 600, 50.0
RE	33, 2295, 69.55
RED	258333, 19276720, 74.62
RED.	28, 1400, 50.0
RED/B	7, 735, 105.0
RED/R	21, 1050, 50.0
RED/W	19, 2030, 106.84
REDWH	15, 1465, 97.67
REDYE	5, 575, 115.0
REY	11, 850, 77.27
RN	7, 675, 96.43
ROWN	9, 965, 107.22
RUST	57, 3270, 57.37
S	36, 2085, 57.92
SAND	24, 1250, 52.08
SC	21, 1150, 54.76
SEL	6, 625, 104.17
SI	42, 3525, 83.93
SIILV	28, 2345, 83.75
SIIVE	6, 380, 63.33
SIL	9054, 557685, 61.6
SIL-S	15, 750, 50.0
SIL.	6, 300, 50.0
SIL/S	32, 1600, 50.0
SILER	16, 1255, 78.44
SILEV	38, 2360, 62.11
SILV	2335, 179000, 76.66
SILVE	294769, 19303670, 65.49
SILVR	4929, 346090, 70.22
SILVW	9, 640, 71.11
SIV	61, 5425, 88.93
SIVE	5, 365, 73.0
SIVER	22, 1770, 80.45
SIVLE	55, 3585, 65.18
SIVR	24, 2555, 106.46
SL	10636, 586060, 55.1
SL.	129, 6445, 49.96
SLE	5, 285, 57.0
SLIV	5, 330, 66.0
SLIVE	58, 4320, 74.48
SLR	120, 8930, 74.42
SLU	11, 835, 75.91
SLV	680, 54420, 80.03
SLVE	14, 1400, 100.0
SLVER	42, 2940, 70.0
SLVR	766, 61855, 80.75
SO;VE	6, 335, 55.83
SR	8, 690, 86.25
SUBAR	8, 675, 84.38
SV	28, 1955, 69.82
SVR	5, 295, 59.0
SY	11, 775, 70.45
T	8, 585, 73.13
TA	6, 565, 94.17
TAM	8, 665, 83.13
TAN	58937, 4238030, 71.91
TAN/T	7, 350, 50.0
TAUPE	26, 1455, 55.96
TEA	15, 745, 49.67
TEAL	155, 10120, 65.29
TED	7, 765, 109.29
TL	11, 550, 50.0
TN	132748, 8014660, 60.37
TN-GY	8, 400, 50.0
TN.	13, 650, 50.0
TN/	57, 3705, 65.0
TNB	25, 1490, 59.6
TNBK	7, 350, 50.0
TNBL	43, 2150, 50.0
TNBR	18, 900, 50.0
TNG	51, 3220, 63.14
TNGR	60, 3000, 50.0
TNGY	113, 5725, 50.66
TNR	7, 555, 79.29
TNRD	19, 950, 50.0
TNT	5, 505, 101.0
TNTN	22, 1100, 50.0
TNWH	10, 500, 50.0
TQ	8, 400, 50.0
TRQ	6, 300, 50.0
TURQU	11, 525, 47.73
TW	15, 1615, 107.67
TX	5, 435, 87.0
UNK	498, 24915, 50.03
UNKNO	500, 25000, 50.0
UTIL	5, 505, 101.0
VAN	14, 1295, 92.5
VIOLE	8, 520, 65.0
VN  B	17, 850, 50.0
VN  G	9, 450, 50.0
VN  S	12, 600, 50.0
VN  W	9, 450, 50.0
VOLKS	7, 540, 77.14
VROWN	6, 690, 115.0
VVH	11, 1185, 107.73
W	1605, 155340, 96.79
W/BLU	5, 575, 115.0
W/H	5, 575, 115.0
WA	6, 660, 110.0
WG	32, 3360, 105.0
WGHIT	8, 680, 85.0
WGITE	14, 1130, 80.71
WGT	6, 385, 64.17
WH	1449265, 98371645, 67.88
WH BL	7, 775, 110.71
WH GR	5, 575, 115.0
WH-BL	24, 1200, 50.0
WH-GY	6, 300, 50.0
WH-RD	5, 250, 50.0
WH.	43, 2660, 61.86
WH/	1146, 84185, 73.46
WH/BK	8, 795, 99.38
WH/BL	75, 6875, 91.67
WH/GR	27, 3015, 111.67
WH/OR	6, 410, 68.33
WH/RD	14, 1215, 86.79
WHAT	9, 855, 95.0
WHB	1705, 129560, 75.99
WHBK	73, 3650, 50.0
WHBL	1434, 72155, 50.32
WHBLU	5, 455, 91.0
WHBR	35, 1750, 50.0
WHE	9, 965, 107.22
WHG	752, 66235, 88.08
WHGL	25, 1250, 50.0
WHGR	196, 10255, 52.32
WHGY	707, 35415, 50.09
WHH	7, 805, 115.0
WHI	9764, 551365, 56.47
WHI-W	8, 400, 50.0
WHIE	19, 1455, 76.58
WHIET	17, 1750, 102.94
WHILE	6, 350, 58.33
WHIOT	5, 455, 91.0
WHIT	321, 29920, 93.21
WHITE	1367242, 106626585, 77.99
WHITH	6, 620, 103.33
WHITR	8, 715, 89.38
WHITT	7, 625, 89.29
WHITW	9, 650, 72.22
WHIYE	8, 675, 84.38
WHM	7, 590, 84.29
WHMR	9, 450, 50.0
WHO	762, 72800, 95.54
WHOR	30, 1580, 52.67
WHP	6, 410, 68.33
WHPR	15, 750, 50.0
WHR	404, 29095, 72.02
WHRD	163, 8150, 50.0
WHT	33327, 3204795, 96.16
WHT.	33, 1705, 51.67
WHT/B	13, 1235, 95.0
WHT/G	11, 1210, 110.0
WHT/O	5, 470, 94.0
WHT/R	5, 405, 81.0
WHT/W	29, 1450, 50.0
WHTE	154, 13585, 88.21
WHTIE	394, 35025, 88.9
WHTN	83, 4150, 50.0
WHWH	40, 2065, 51.63
WHY	39, 3765, 96.54
WHYW	43, 2215, 51.51
WI	8, 865, 108.13
WIT	13, 1425, 109.62
WITE	13, 1215, 93.46
WJ	14, 1530, 109.29
WK	8, 870, 108.75
WL	15, 1495, 99.67
WM	6, 635, 105.83
WN	12, 1245, 103.75
WT	20751, 1460735, 70.39
WT BL	6, 625, 104.17
WT.	111, 5550, 50.0
WT/BL	19, 2070, 108.95
WTBL	5, 575, 115.0
WTE	135, 13715, 101.59
WTH	74, 7985, 107.91
WW	7, 805, 115.0
WWH	6, 525, 87.5
WWHIT	73, 6520, 89.32
WY	24, 2300, 95.83
White	13, 650, 50.0
XXX	108, 5400, 50.0
Y	35, 3210, 91.71
YE	10, 610, 61.0
YEL	896, 81160, 90.58
YELL	989, 93515, 94.56
YELLO	46697, 3836985, 82.17
YELLW	73, 6380, 87.4
YELOW	11, 545, 49.55
YL	466, 47870, 102.73
YLL	5, 505, 101.0
YLLW	24, 2000, 83.33
YLW	131, 11125, 84.92
YW	80055, 5503785, 68.75
YW/	107, 9210, 86.07
YWB	231, 18115, 78.42
YWBK	24, 1200, 50.0
YWBL	18, 900, 50.0
YWG	6, 320, 53.33
YWGY	17, 850, 50.0
YWW	83, 6165, 74.28
YWWH	9, 450, 50.0
