Type	Count, Total Dollars, Average
.	5, 325, 65.0
A	9, 495, 55.0
ACURA	5, 340, 68.0
AMETH	8, 400, 50.0
AN	5, 385, 77.0
AQ	27, 1350, 50.0
AQUA	17, 1360, 80.0
B	358, 32465, 90.68
B ACL	7, 505, 72.14
B L	6, 690, 115.0
B LAC	5, 290, 58.0
B LK	5, 575, 115.0
B LUE	7, 585, 83.57
B;ACL	25, 1655, 66.2
B;IE	9, 635, 70.56
B;L	10, 990, 99.0
BA	5, 505, 101.0
BACK	9, 685, 76.11
BADGE	14, 2090, 149.29
BAGE	16, 1375, 85.94
BAIGE	20, 2170, 108.5
BALCK	25, 2035, 81.4
BC	5, 535, 107.0
BCK	15, 1490, 99.33
BE	25, 2475, 99.0
BED	10, 750, 75.0
BEGE	13, 1125, 86.54
BEI	10, 875, 87.5
BEIEG	5, 355, 71.0
BEIG	24, 1515, 63.13
BEIGE	1540, 115960, 75.3
BEIGH	6, 590, 98.33
BERG	29, 2595, 89.48
BERGA	11, 1115, 101.36
BERGE	7, 590, 84.29
BERGU	14, 935, 66.79
BG	846, 44445, 52.54
BG.	15, 750, 50.0
BGE	519, 26415, 50.9
BGY	6, 440, 73.33
BH	12, 1190, 99.17
BI	16, 1235, 77.19
BIACK	13, 815, 62.69
BIE	5, 380, 76.0
BIEGE	110, 7890, 71.73
BIK	135, 11390, 84.37
BIN	14, 1610, 115.0
BIU	30, 3230, 107.67
BJ	14, 1330, 95.0
BK	1220615, 75488710, 61.84
BK-GY	21, 1050, 50.0
BK-WH	5, 250, 50.0
BK.	199, 10190, 51.21
BK/	379, 26550, 70.05
BKACJ	11, 795, 72.27
BKB	54, 3835, 71.02
BKBK	17, 850, 50.0
BKBL	397, 19895, 50.11
BKBR	30, 1500, 50.0
BKG	227, 14540, 64.05
BKGL	31, 1550, 50.0
BKGR	272, 13595, 49.98
BKGY	1213, 60840, 50.16
BKJ	14, 1410, 100.71
BKK	6, 670, 111.67
BKL	27, 2540, 94.07
BKMR	10, 500, 50.0
BKO	7, 425, 60.71
BKOR	8, 400, 50.0
BKPR	11, 550, 50.0
BKR	56, 4465, 79.73
BKRD	145, 7380, 50.9
BKT	58, 3630, 62.59
BKTN	100, 5000, 50.0
BKW	163, 9495, 58.25
BKWH	70, 3875, 55.36
BL	511146, 31452490, 61.53
BL WH	13, 1120, 86.15
BL WT	12, 860, 71.67
BL-GR	8, 400, 50.0
BL-GY	13, 650, 50.0
BL-TN	5, 250, 50.0
BL-WH	5, 250, 50.0
BL.	89, 4515, 50.73
BL/	641, 40625, 63.38
BL/GR	12, 825, 68.75
BL/WH	13, 1005, 77.31
BL/WT	15, 1725, 115.0
BLA	54, 5065, 93.8
BLAC	67, 5620, 83.88
BLACJ	8, 520, 65.0
BLACK	686488, 48034730, 69.97
BLACL	46, 3230, 70.22
BLAK	35, 2215, 63.29
BLAKC	47, 3115, 66.28
BLB	67, 5115, 76.34
BLBK	42, 2200, 52.38
BLBL	188, 9400, 50.0
BLBR	18, 900, 50.0
BLC	10, 955, 95.5
BLCK	309, 28020, 90.68
BLE	49, 4600, 93.88
BLEU	5, 330, 66.0
BLG	837, 55155, 65.9
BLGL	18, 900, 50.0
BLGR	239, 12045, 50.4
BLGY	621, 31290, 50.39
BLIE	8, 605, 75.63
BLK	80697, 7098205, 87.96
BLK-B	7, 350, 50.0
BLK.	32, 1600, 50.0
BLK/B	24, 1200, 50.0
BLK/R	5, 555, 111.0
BLK/W	7, 655, 93.57
BLKGR	5, 325, 65.0
BLKJ	16, 970, 60.63
BLKL	7, 685, 97.86
BLKWH	5, 520, 104.0
BLL	9, 805, 89.44
BLLK	11, 980, 89.09
BLLUE	5, 180, 36.0
BLN	8, 805, 100.63
BLOCK	6, 690, 115.0
BLPR	5, 250, 50.0
BLR	12, 1010, 84.17
BLRD	47, 2415, 51.38
BLT	15, 845, 56.33
BLTN	57, 2850, 50.0
BLU	8830, 610090, 69.09
BLU-B	9, 450, 50.0
BLU.	5, 250, 50.0
BLU/B	26, 1300, 50.0
BLUE	272039, 19312695, 70.99
BLUE.	20, 1275, 63.75
BLUE/	7, 590, 84.29
BLUEW	10, 675, 67.5
BLUR	14, 1170, 83.57
BLV	17, 1850, 108.82
BLVD	5, 520, 104.0
BLW	701, 43925, 62.66
BLWH	227, 11805, 52.0
BLWT	10, 1150, 115.0
BLack	7, 350, 50.0
BM	21, 2170, 103.33
BMW	24, 2330, 97.08
BN	3231, 332315, 102.85
BNW	5, 520, 104.0
BNZ	6, 300, 50.0
BO	5, 520, 104.0
BOWN	18, 1890, 105.0
BR	82548, 5787470, 70.11
BR.	8, 530, 66.25
BR/	41, 2570, 62.68
BRAY	5, 360, 72.0
BRB	8, 685, 85.63
BRBL	38, 1900, 50.0
BRBR	11, 550, 50.0
BRD	11, 1195, 108.64
BRG	40, 3480, 87.0
BRGDY	5, 315, 63.0
BRGR	14, 700, 50.0
BRGY	86, 4365, 50.76
BRIGE	5, 465, 93.0
BRK	6, 635, 105.83
BRM	18, 1925, 106.94
BRN	10991, 1200660, 109.24
BRNW	12, 1380, 115.0
BRO	1300, 107400, 82.62
BRON	24, 2315, 96.46
BRONW	48, 4920, 102.5
BRONX	5, 510, 102.0
BRONZ	80, 5060, 63.25
BROQW	5, 575, 115.0
BROW	288, 31490, 109.34
BROWB	7, 805, 115.0
BROWM	16, 1715, 107.19
BROWN	272634, 25610065, 93.94
BRPWM	6, 580, 96.67
BRRD	17, 850, 50.0
BRT	43, 2440, 56.74
BRTN	14, 700, 50.0
BRU	11, 1210, 110.0
BRW	847, 92410, 109.1
BRWN	1480, 156145, 105.5
BRWON	44, 4650, 105.68
BRY	11, 1015, 92.27
BRZ	100, 5000, 50.0
BU	29, 3030, 104.48
BUE	12, 960, 80.0
BUG	8, 575, 71.88
BUICK	15, 1335, 89.0
BUL	6, 620, 103.33
BULE	5, 465, 93.0
BUR	151, 14280, 94.57
BURD	6, 540, 90.0
BURG	1095, 100380, 91.67
BURGA	292, 28095, 96.22
BURGD	16, 1160, 72.5
BURGE	17, 1380, 81.18
BURGN	17, 1350, 79.41
BURGU	611, 48660, 79.64
BURGY	13, 1140, 87.69
BURUN	17, 1125, 66.18
BUS	17, 2045, 120.29
BW	248, 25165, 101.47
BWE	7, 540, 77.14
BWN	386, 42840, 110.98
BWR	7, 590, 84.29
BX	59, 6345, 107.54
BY	39, 3490, 89.49
BZ	10, 500, 50.0
BZN	5, 250, 50.0
CHAMP	42, 2775, 66.07
CHAR	6, 425, 70.83
CHARC	32, 2585, 80.78
CHROM	21, 1125, 53.57
CHRYS	5, 495, 99.0
CL	34, 1700, 50.0
CM	28, 1595, 56.96
COIO	7, 665, 95.0
COPPE	40, 2040, 51.0
CPR	12, 600, 50.0
CREAM	81, 6210, 76.67
CREME	5, 370, 74.0
CRM	44, 2210, 50.23
CRY	5, 415, 83.0
D	6, 720, 120.0
D BLU	15, 1445, 96.33
DARK	109, 6315, 57.94
DARKB	6, 480, 80.0
DARKG	10, 815, 81.5
DBK	7, 350, 50.0
DBL	219, 11015, 50.3
DBLUE	8, 480, 60.0
DGR	65, 3250, 50.0
DGRAY	5, 240, 48.0
DGY	6, 300, 50.0
DK	13, 1225, 94.23
DK BL	9, 595, 66.11
DK GR	8, 570, 71.25
DK GY	8, 770, 96.25
DK-BL	14, 700, 50.0
DK-GR	15, 750, 50.0
DK-GY	20, 1000, 50.0
DK-RD	12, 600, 50.0
DK/	7269, 452735, 62.28
DKB	2700, 176665, 65.43
DKBK	6, 300, 50.0
DKBL	1166, 58510, 50.18
DKBLU	12, 1000, 83.33
DKBR	62, 3100, 50.0
DKG	6134, 382710, 62.39
DKGL	21, 1050, 50.0
DKGR	454, 22700, 50.0
DKGRA	16, 1265, 79.06
DKGRY	7, 630, 90.0
DKGY	2450, 122725, 50.09
DKM	82, 5300, 64.63
DKMR	24, 1200, 50.0
DKO	24, 1600, 66.67
DKOR	19, 950, 50.0
DKP	127, 9010, 70.94
DKPR	37, 1850, 50.0
DKR	1106, 69045, 62.43
DKRD	575, 28770, 50.03
DKT	89, 5370, 60.34
DKTN	32, 1600, 50.0
DR	8, 850, 106.25
DRK	13, 1370, 105.38
DSI	6, 300, 50.0
ED	13, 985, 75.77
EH	7, 705, 100.71
FEDEX	6, 670, 111.67
FORD	7, 750, 107.14
FREEN	5, 435, 87.0
FREIG	20, 2055, 102.75
G	503, 45180, 89.82
G Y	10, 740, 74.0
GA	15, 1475, 98.33
GARY	37, 3325, 89.86
GAY	34, 2310, 67.94
GD	838, 57940, 69.14
GEN	5, 345, 69.0
GERY	18, 1965, 109.17
GEY	37, 2810, 75.95
GK	11, 1040, 94.55
GL	55372, 3370500, 60.87
GL/	38, 2500, 65.79
GLB	11, 765, 69.55
GLBK	7, 405, 57.86
GLBL	32, 1600, 50.0
GLBR	20, 1000, 50.0
GLD	1225, 79230, 64.68
GLG	19, 995, 52.37
GLGL	6, 300, 50.0
GLGR	8, 400, 50.0
GLGY	44, 2200, 50.0
GLT	5, 245, 49.0
GLTN	13, 650, 50.0
GLW	5, 575, 115.0
GMC	7, 695, 99.29
GN	4199, 349825, 83.31
GN.	21, 1050, 50.0
GO	5, 505, 101.0
GOL	12, 895, 74.58
GOLD	44941, 3044785, 67.75
GOLD.	6, 300, 50.0
GOLDE	14, 725, 51.79
GR	202772, 12785280, 63.05
GR-GY	7, 350, 50.0
GR/	259, 15745, 60.79
GR/WH	24, 2400, 100.0
GRA	46, 4195, 91.2
GRA Y	5, 465, 93.0
GRAT	28, 1990, 71.07
GRAU	31, 1965, 63.39
GRAY	69247, 5838920, 84.32
GRAY.	10, 500, 50.0
GRB	56, 3545, 63.3
GRBK	15, 750, 50.0
GRBL	84, 4265, 50.77
GRBR	12, 600, 50.0
GRE	107, 9295, 86.87
GREAY	8, 700, 87.5
GREE	44, 3460, 78.64
GREEB	20, 1735, 86.75
GREEE	8, 705, 88.13
GREEM	25, 1990, 79.6
GREEN	129473, 10105705, 78.05
GREEY	5, 345, 69.0
GREG	5, 325, 65.0
GREN	66, 5780, 87.58
GRENN	6, 530, 88.33
GRET	22, 1790, 81.36
GREU	24, 1630, 67.92
GREY	405751, 28331115, 69.82
GREY.	13, 715, 55.0
GREYT	5, 415, 83.0
GRG	165, 10650, 64.55
GRGL	14, 700, 50.0
GRGR	104, 5200, 50.0
GRGY	216, 10800, 50.0
GRMR	6, 300, 50.0
GRN	6711, 561590, 83.68
GRN.	11, 550, 50.0
GRN/G	11, 550, 50.0
GRP	9, 665, 73.89
GRR	5, 425, 85.0
GRRD	36, 1865, 51.81
GRREN	7, 700, 100.0
GRT	93, 6380, 68.6
GRTN	40, 2065, 51.63
GRU	5, 480, 96.0
GRV	5, 455, 91.0
GRW	250, 23285, 93.14
GRWH	22, 1160, 52.73
GRY	35508, 2838555, 79.94
GRY-G	5, 250, 50.0
GRY.	10, 500, 50.0
GRY/G	25, 1250, 50.0
GRYA	6, 515, 85.83
GRYE	5, 400, 80.0
GRYH	12, 825, 68.75
GT	32, 3185, 99.53
GU	22, 2130, 96.82
GUY	5, 445, 89.0
GV	19, 1625, 85.53
GW	10, 1165, 116.5
GX	8, 920, 115.0
GY	1484179, 91132655, 61.4
GY-BL	7, 350, 50.0
GY-GR	11, 550, 50.0
GY-GY	15, 750, 50.0
GY-TN	11, 550, 50.0
GY.	146, 7340, 50.27
GY/	657, 51795, 78.84
GY/BL	7, 720, 102.86
GY/WH	5, 525, 105.0
GYB	224, 15045, 67.17
GYBK	101, 5095, 50.45
GYBL	464, 23245, 50.1
GYBR	72, 3600, 50.0
GYG	95, 6565, 69.11
GYGL	61, 3050, 50.0
GYGR	421, 21050, 50.0
GYGY	1681, 84050, 50.0
GYMR	14, 765, 54.64
GYP	5, 205, 41.0
GYPR	31, 1550, 50.0
GYR	9, 745, 82.78
GYRD	133, 6715, 50.49
GYT	115, 7055, 61.35
GYTN	162, 8165, 50.4
GYW	318, 29025, 91.27
GYWH	51, 2550, 50.0
H	11, 1060, 96.36
HITE	16, 1475, 92.19
HONDA	6, 515, 85.83
HT	6, 565, 94.17
HY	6, 615, 102.5
ILVER	6, 385, 64.17
IN	10, 1025, 102.5
INTER	6, 640, 106.67
ITE	14, 1610, 115.0
IVORY	5, 250, 50.0
K	17, 1745, 102.65
L BLU	5, 275, 55.0
LACK	17, 1345, 79.12
LAVEN	1160, 80100, 69.05
LBL	104, 5215, 50.14
LBLUE	15, 700, 46.67
LEXUS	6, 550, 91.67
LGR	30, 1565, 52.17
LGT	8, 400, 50.0
LIGHT	40, 2560, 64.0
LIME	20, 1500, 75.0
LK	18, 1755, 97.5
LT BL	17, 1635, 96.18
LT GR	9, 630, 70.0
LT GY	9, 710, 78.89
LT-BL	7, 350, 50.0
LT-BR	5, 250, 50.0
LT-GR	6, 300, 50.0
LT-GY	68, 3400, 50.0
LT-TN	7, 350, 50.0
LT/	8023, 501240, 62.48
LT/BL	7, 615, 87.86
LTB	1371, 85440, 62.32
LTBK	12, 600, 50.0
LTBL	515, 25945, 50.38
LTBLU	24, 1940, 80.83
LTBR	149, 7450, 50.0
LTG	12216, 783680, 64.15
LTGL	54, 2700, 50.0
LTGR	417, 20915, 50.16
LTGRY	45, 2445, 54.33
LTGY	5128, 256660, 50.05
LTP	46, 3150, 68.48
LTPR	7, 350, 50.0
LTR	15, 875, 58.33
LTRD	5, 250, 50.0
LTT	447, 27945, 62.52
LTTN	183, 9150, 50.0
LTY	14, 990, 70.71
LUE	7, 455, 65.0
LWH	16, 815, 50.94
M	8, 750, 93.75
MA	12, 1100, 91.67
MAR	704, 43785, 62.19
MARCO	6, 410, 68.33
MARO	13, 1200, 92.31
MARON	31, 2760, 89.03
MAROO	1708, 127810, 74.83
MARRO	27, 2125, 78.7
MC	50, 4800, 96.0
MD	6, 690, 115.0
ME	9, 790, 87.78
MINT	15, 1065, 71.0
MN	280, 15265, 54.52
MN.	7, 350, 50.0
MO	5, 465, 93.0
MR	31882, 2099055, 65.84
MR/	21, 1360, 64.76
MRG	23, 1635, 71.09
MRGY	34, 1700, 50.0
MRN	82, 5965, 72.74
MRTN	5, 250, 50.0
MUL	40, 2065, 51.63
MULIT	5, 575, 115.0
MULT	7, 590, 84.29
MULTI	222, 20875, 94.03
NA	7, 350, 50.0
NAVY	75, 6460, 86.13
NAVYB	13, 1035, 79.62
NCLR	36, 1800, 50.0
NH	9, 825, 91.67
NLACK	8, 640, 80.0
NLK	5, 430, 86.0
NLUE	15, 1415, 94.33
NO	319, 21250, 66.61
NOC	822, 60880, 74.06
NOCL	254, 12700, 50.0
NROWN	9, 800, 88.89
NYPD	8, 750, 93.75
O	13, 810, 62.31
OG	42, 2245, 53.45
OK	13, 1040, 80.0
OLIVE	17, 1325, 77.94
ON	6, 740, 123.33
ONG	99, 5075, 51.26
OR	12434, 881040, 70.86
OR/	26, 2015, 77.5
ORA	20, 2040, 102.0
ORAG	6, 690, 115.0
ORAGE	6, 495, 82.5
ORAMG	9, 755, 83.89
ORAN	47, 4000, 85.11
ORANE	7, 665, 95.0
ORANG	14357, 1230065, 85.68
ORB	34, 2790, 82.06
ORBK	8, 400, 50.0
ORBL	8, 400, 50.0
ORG	204, 21865, 107.18
ORGY	7, 350, 50.0
ORN	18, 1355, 75.28
ORNAG	9, 685, 76.11
ORNG	9, 885, 98.33
ORNGE	5, 455, 91.0
ORW	136, 12560, 92.35
ORWH	33, 1780, 53.94
OTH	14, 1065, 76.07
OTHER	107960, 7124545, 65.99
PEARL	13, 790, 60.77
PEW	8, 400, 50.0
PEWTE	6, 350, 58.33
PINK	113, 10100, 89.38
PK	235, 15095, 64.23
PL	43, 2250, 52.33
PLE	72, 3915, 54.38
PLUM	6, 480, 80.0
PR	5163, 310340, 60.11
PR/	14, 840, 60.0
PRGY	7, 350, 50.0
PUR	52, 5270, 101.35
PURLE	5, 380, 76.0
PURP	75, 6435, 85.8
PURPL	6859, 510420, 74.42
PWTR	7, 350, 50.0
R	183, 18920, 103.39
RAY	18, 1985, 110.28
RD	316272, 20241585, 64.0
RD B	5, 250, 50.0
RD BK	38, 1990, 52.37
RD WH	6, 630, 105.0
RD-GY	7, 350, 50.0
RD-TN	5, 250, 50.0
RD.	82, 4115, 50.18
RD/	1073, 92540, 86.24
RD/WH	6, 620, 103.33
RDB	121, 8740, 72.23
RDBK	66, 3430, 51.97
RDBL	111, 5550, 50.0
RDBLK	6, 365, 60.83
RDBR	26, 1300, 50.0
RDG	192, 12710, 66.2
RDGL	7, 350, 50.0
RDGR	81, 4050, 50.0
RDGY	291, 14605, 50.19
RDMR	5, 250, 50.0
RDP	8, 480, 60.0
RDPR	7, 350, 50.0
RDRD	53, 2650, 50.0
RDT	59, 3265, 55.34
RDTN	46, 2300, 50.0
RDW	780, 78285, 100.37
RDWH	53, 2910, 54.91
RDY	18, 1320, 73.33
RDYEL	8, 920, 115.0
RDYW	9, 450, 50.0
RE	36, 3105, 86.25
RED	248360, 18759035, 75.53
RED.	23, 1145, 49.78
RED/B	18, 1535, 85.28
RED/R	13, 650, 50.0
REDWH	6, 490, 81.67
REEN	6, 620, 103.33
REY	13, 1085, 83.46
RN	10, 1015, 101.5
ROWN	12, 1230, 102.5
RUST	55, 3555, 64.64
RY	10, 1060, 106.0
S	41, 2740, 66.83
SAND	15, 745, 49.67
SC	28, 1720, 61.43
SI	45, 4760, 105.78
SIILV	13, 750, 57.69
SIIVE	5, 355, 71.0
SIL	8302, 527920, 63.59
SIL-S	18, 900, 50.0
SIL/S	26, 1300, 50.0
SILER	12, 935, 77.92
SILEV	56, 4815, 85.98
SILR	10, 770, 77.0
SILV	2665, 219330, 82.3
SILVE	307971, 20351580, 66.08
SILVR	4362, 323125, 74.08
SIV	56, 5360, 95.71
SIVE	8, 590, 73.75
SIVER	23, 1975, 85.87
SIVLE	104, 7970, 76.63
SIVR	19, 1720, 90.53
SL	10282, 567415, 55.19
SL.	120, 6000, 50.0
SLE	7, 335, 47.86
SLIV	5, 490, 98.0
SLIVE	42, 2825, 67.26
SLR	160, 11775, 73.59
SLV	687, 57860, 84.22
SLVE	14, 1190, 85.0
SLVER	36, 2645, 73.47
SLVR	707, 57805, 81.76
SMOKE	22, 990, 45.0
SR	6, 680, 113.33
SUKVE	6, 410, 68.33
SV	39, 3040, 77.95
SVR	8, 805, 100.63
SZLVI	11, 715, 65.0
TA	8, 830, 103.75
TAB	18, 1950, 108.33
TAM	11, 1015, 92.27
TAN	57710, 4214100, 73.02
TAN.	6, 300, 50.0
TANH	5, 505, 101.0
TAUPE	17, 845, 49.71
TAX	11, 495, 45.0
TEA	25, 1250, 50.0
TEAL	135, 8560, 63.41
TEN	5, 300, 60.0
TG	7, 635, 90.71
TL	8, 465, 58.13
TN	133375, 8150975, 61.11
TN.	11, 550, 50.0
TN/	54, 3720, 68.89
TNB	19, 1285, 67.63
TNBK	11, 615, 55.91
TNBL	53, 2650, 50.0
TNBR	9, 450, 50.0
TNG	47, 3610, 76.81
TNGL	8, 400, 50.0
TNGR	38, 1900, 50.0
TNGY	79, 4050, 51.27
TNRD	18, 900, 50.0
TNTN	27, 1350, 50.0
TNWH	17, 850, 50.0
TOYOT	5, 525, 105.0
TP	8, 400, 50.0
TPE	5, 250, 50.0
TQ	7, 350, 50.0
TURQU	9, 505, 56.11
TW	5, 640, 128.0
UNK	407, 20360, 50.02
UNKNO	446, 22300, 50.0
UPS	7, 535, 76.43
VAN	23, 2235, 97.17
VLUE	5, 315, 63.0
VN  B	14, 700, 50.0
VN  G	10, 500, 50.0
VN  R	8, 400, 50.0
VN  S	8, 400, 50.0
VROWN	7, 685, 97.86
VVH	9, 1015, 112.78
VW	5, 555, 111.0
W	1286, 121660, 94.6
WA	6, 690, 115.0
WET	11, 660, 60.0
WG	25, 2580, 103.2
WGITE	7, 535, 76.43
WGUTE	12, 910, 75.83
WH	1356737, 91455795, 67.41
WH BL	6, 670, 111.67
WH-BK	6, 300, 50.0
WH-BL	28, 1400, 50.0
WH-GY	12, 600, 50.0
WH.	25, 1640, 65.6
WH/	873, 65690, 75.25
WH/BL	28, 2690, 96.07
WH/GR	19, 2070, 108.95
WH/OR	6, 485, 80.83
WHB	535, 35735, 66.79
WHBK	58, 3010, 51.9
WHBL	1382, 69375, 50.2
WHBR	28, 1400, 50.0
WHE	21, 1920, 91.43
WHG	609, 48345, 79.38
WHGL	26, 1300, 50.0
WHGR	201, 10245, 50.97
WHGY	773, 38650, 50.0
WHI	9788, 564695, 57.69
WHI-W	7, 350, 50.0
WHIE	84, 7165, 85.3
WHIET	140, 12775, 91.25
WHILE	5, 385, 77.0
WHIRE	6, 415, 69.17
WHIT	363, 34920, 96.2
WHITE	1297941, 103623915, 79.84
WHITH	5, 475, 95.0
WHITR	9, 705, 78.33
WHITT	12, 1085, 90.42
WHITW	22, 2210, 100.45
WHITY	7, 640, 91.43
WHM	6, 310, 51.67
WHMR	15, 750, 50.0
WHO	584, 56995, 97.59
WHOR	56, 3595, 64.2
WHPR	9, 450, 50.0
WHR	142, 12285, 86.51
WHRD	153, 7780, 50.85
WHT	31569, 3075390, 97.42
WHT.	17, 850, 50.0
WHT/B	6, 630, 105.0
WHT/W	27, 1350, 50.0
WHTE	182, 16210, 89.07
WHTGR	5, 575, 115.0
WHTIE	229, 20565, 89.8
WHTN	63, 3150, 50.0
WHWH	43, 2150, 50.0
WHY	60, 4455, 74.25
WHYW	55, 2815, 51.18
WI	5, 520, 104.0
WIHTE	7, 610, 87.14
WILVE	5, 505, 101.0
WINE	10, 1010, 101.0
WITE	11, 1105, 100.45
WJ	41, 3910, 95.37
WJOTE	28, 2395, 85.54
WK	6, 690, 115.0
WN	8, 800, 100.0
WT	20354, 1416730, 69.6
WT.	92, 4600, 50.0
WT/BL	18, 2000, 111.11
WTE	99, 9995, 100.96
WTH	34, 4065, 119.56
WWH	5, 305, 61.0
WWHIT	38, 3480, 91.58
WY	31, 3075, 99.19
White	16, 800, 50.0
XXX	96, 4800, 50.0
Y	34, 3415, 100.44
YE	7, 755, 107.86
YEL	693, 63510, 91.65
YELL	886, 85015, 95.95
YELLL	6, 475, 79.17
YELLO	43727, 3676610, 84.08
YELLW	12, 945, 78.75
YELOW	15, 1245, 83.0
YL	361, 38420, 106.43
YLL	14, 1460, 104.29
YLLW	87, 4890, 56.21
YLW	84, 8240, 98.1
YO	5, 525, 105.0
YW	79632, 5540850, 69.58
YW/	74, 6090, 82.3
YW/BL	7, 3605, 515.0
YWB	139, 11745, 84.5
YWBK	6, 300, 50.0
YWBL	11, 550, 50.0
YWG	5, 265, 53.0
YWGY	11, 550, 50.0
YWW	54, 4320, 80.0
YWWH	9, 450, 50.0
