Type	Count, Total Dollars, Average
.	5, 470, 94.0
1	16, 1520, 95.0
2	6, 550, 91.67
3	7, 665, 95.0
A	6, 690, 115.0
ABART	12, 940, 78.33
AC	22, 2115, 96.14
ACADE	11, 1210, 110.0
ACC	5, 445, 89.0
ACUA	7, 555, 79.29
ACUR	8, 695, 86.88
ACURA	205699, 13071830, 63.55
ADD	11, 1135, 103.18
ADVAN	13, 665, 51.15
AERO	36, 3880, 107.78
AIRST	20, 1300, 65.0
AJAX	69, 3600, 52.17
AL/D	13, 1770, 136.15
AL/DE	6, 560, 93.33
AL/R	36, 2260, 62.78
ALERO	10, 795, 79.5
ALEXA	34, 3175, 93.38
ALFAR	224, 15765, 70.38
ALLEG	6, 340, 56.67
ALMAC	15, 750, 50.0
AM/C	14, 1510, 107.86
AM/G	17, 1165, 68.53
AM/T	37, 1845, 49.86
AM/TR	28, 1475, 52.68
AMC	287, 19370, 67.49
AMTR	24, 1120, 46.67
AMTRA	33, 1875, 56.82
ANCIA	313, 20730, 66.23
ANKA	20, 2220, 111.0
ANKAI	8, 855, 106.88
APP	14, 1240, 88.57
APPOR	5, 575, 115.0
APRI	5, 360, 72.0
APRIL	76, 4870, 64.08
ARMOR	9, 405, 45.0
AS/M	126, 8270, 65.63
AUDI	132432, 8370915, 63.21
AURA	13, 1125, 86.54
AUSTI	225, 14785, 65.71
AUT	5, 250, 50.0
AUTOC	339, 29545, 87.15
AZ	6, 440, 73.33
BEN	36, 1905, 52.92
BENDR	6, 275, 45.83
BENSO	27, 1535, 56.85
BENTL	1802, 132165, 73.34
BERI	48, 3745, 78.02
BERIN	16, 1245, 77.81
BERTO	311, 20630, 66.33
BIG T	5, 265, 53.0
BL BI	11, 1005, 91.36
BL/B	367, 22135, 60.31
BL/BD	11, 810, 73.64
BL/BI	345, 19095, 55.35
BLBI	10, 740, 74.0
BLK	6, 580, 96.67
BLUE	118, 7890, 66.86
BLUEB	60, 3745, 62.42
BMW	368785, 23487700, 63.69
BMW.	20, 1060, 53.0
BMX	5, 495, 99.0
BOX	5, 365, 73.0
BRIDG	112, 6920, 61.79
BRINK	5, 575, 115.0
BROWN	10, 990, 99.0
BRTO	54, 4055, 75.09
BSA	72, 5445, 75.63
BUCK	6, 480, 80.0
BUDD	5, 300, 60.0
BUDDY	9, 565, 62.78
BUELL	18, 1215, 67.5
BUICK	43106, 2722520, 63.16
BURGM	5, 375, 75.0
BUS	62, 7290, 117.58
BUSI	19, 1000, 52.63
CA/AM	19, 1030, 54.21
CA/TR	6, 430, 71.67
CADA	8, 655, 81.88
CADI	6, 500, 83.33
CADIA	7, 785, 112.14
CADIL	94169, 6442315, 68.41
CAIL	5, 575, 115.0
CAN A	5, 265, 53.0
CARGO	115, 5175, 45.0
CASE	36, 1790, 49.72
CAT	17, 1220, 71.76
CENTE	6, 690, 115.0
CFMOT	5, 410, 82.0
CH	6, 620, 103.33
CHAM	13, 585, 45.0
CHASS	5, 255, 51.0
CHECK	1101, 75730, 68.78
CHEET	34, 1820, 53.53
CHER	57, 5045, 88.51
CHEVR	812151, 53447930, 65.81
CHEVV	5, 250, 50.0
CHEY	5, 485, 97.0
CHEYS	7, 480, 68.57
CHRY	10, 730, 73.0
CHRYE	6, 480, 80.0
CHRYS	191335, 12374110, 64.67
CHTH	6, 295, 49.17
CHV	22, 1100, 50.0
CHVE	5, 315, 63.0
CHY	44, 3805, 86.48
CHYR	16, 1385, 86.56
CHYST	6, 430, 71.67
CIMC	75, 4265, 56.87
CITRO	99, 6770, 68.38
CLEME	9, 445, 49.44
COAC	12, 690, 57.5
COACH	56, 5770, 103.04
COL	5, 265, 53.0
COLEM	6, 410, 68.33
COLL	41, 2310, 56.34
COLLI	79, 4270, 54.05
COLUM	7, 485, 69.29
COM	18, 2015, 111.94
COMM	15, 1705, 113.67
CONTA	5, 295, 59.0
COPE	14, 700, 50.0
CORB	32, 1950, 60.94
CORBE	40, 2065, 51.63
COT	6, 450, 75.0
COTTR	9, 510, 56.67
CRYST	8, 845, 105.63
CUB	6, 690, 115.0
CUB C	13, 1295, 99.62
CUBCA	10, 1000, 100.0
CUST	62, 2610, 42.1
CVGC	7, 340, 48.57
DAEWO	343, 23335, 68.03
DAI	5, 315, 63.0
DATSU	146, 9705, 66.47
DELIV	22, 2230, 101.36
DELOR	20, 1685, 84.25
DELV	49, 5020, 102.45
DEMA	39, 3755, 96.28
DHL	5, 440, 88.0
DIAHA	12, 1020, 85.0
DIAMO	269, 20750, 77.14
DODGE	386791, 26670390, 68.95
DOG	6, 365, 60.83
DONGF	14, 690, 49.29
DOR	7, 545, 77.86
DORS	16, 1115, 69.69
DORSE	635, 44345, 69.83
DUC	16, 985, 61.56
DUCA	9, 690, 76.67
DUCAT	1367, 92515, 67.68
DUMP	5, 505, 101.0
DUNBA	9, 1035, 115.0
DURA	5, 565, 113.0
EAM	5, 240, 48.0
EAMC	12, 820, 68.33
EAS	27, 1980, 73.33
EAST	418, 22620, 54.11
EASTO	229, 11805, 51.55
EID	6, 2290, 381.67
ELD	12, 2600, 216.67
ELDER	6, 360, 60.0
ELDO	32, 2080, 65.0
ELKD	5, 225, 45.0
ELKH	5, 265, 53.0
ENFIE	27, 1995, 73.89
EVOBU	5, 250, 50.0
EZL	29, 1730, 59.66
F	9, 985, 109.44
F L	10, 965, 96.5
F U	6, 690, 115.0
F-LIN	6, 690, 115.0
F.L.	5, 245, 49.0
F/L	75, 7305, 97.4
F/U	9, 1015, 112.78
F/V	7, 805, 115.0
FALCO	9, 510, 56.67
FAST	5, 245, 49.0
FED E	10, 960, 96.0
FEDE	35, 2535, 72.43
FEDER	5, 315, 63.0
FEDEX	122, 13695, 112.25
FEEI	7, 645, 92.14
FEG	5, 525, 105.0
FEIG	8, 920, 115.0
FEIGH	10, 1030, 103.0
FERIG	71, 7620, 107.32
FERRA	1593, 134715, 84.57
FFREI	7, 685, 97.86
FG	13, 1445, 111.15
FGH	5, 520, 104.0
FGHT	16, 1635, 102.19
FGT	9, 765, 85.0
FHR	5, 575, 115.0
FHT	9, 1635, 181.67
FHTL	455, 44730, 98.31
FI	6, 590, 98.33
FI/LI	16, 1840, 115.0
FIAT	13137, 845665, 64.37
FIBE	12, 490, 40.83
FISK	30, 1600, 53.33
FISKE	14, 880, 62.86
FL	142, 14025, 98.77
FL/LR	8, 865, 108.13
FLEE	5, 375, 75.0
FLIN	32, 2065, 64.53
FLINE	6, 670, 111.67
FLORE	9, 495, 55.0
FLXZ	5, 225, 45.0
FN	6, 690, 115.0
FO/W	9, 755, 83.89
FOD	23, 1040, 45.22
FON	10, 525, 52.5
FONA	12, 810, 67.5
FONTA	1616, 126240, 78.12
FORD	1419975, 96557925, 68.0
FORS	10, 555, 55.5
FR	93, 10090, 108.49
FR /L	5, 575, 115.0
FR HT	14, 1540, 110.0
FR L	50, 5750, 115.0
FR LI	132, 14415, 109.2
FR LN	31, 3440, 110.97
FR-L	8, 920, 115.0
FR/L	356, 36330, 102.05
FR/LI	930, 100155, 107.69
FR/LN	36, 3750, 104.17
FR/LR	8, 920, 115.0
FR/LT	18, 1930, 107.22
FRD	183, 16270, 88.91
FRE	223, 14110, 63.27
FREG	241, 24970, 103.61
FREGH	54, 6120, 113.33
FREGI	14, 1410, 100.71
FREGT	9, 1035, 115.0
FREI	453, 48980, 108.12
FREIC	7, 755, 107.86
FREID	7, 675, 96.43
FREIH	20, 2085, 104.25
FREIT	19, 1940, 102.11
FRELI	5, 575, 115.0
FRER	5, 495, 99.0
FRESH	5, 575, 115.0
FREUG	5, 575, 115.0
FRG	49, 5315, 108.47
FRGH	211, 21755, 103.1
FRGHT	193, 21055, 109.09
FRGT	40, 4190, 104.75
FRGTL	6, 790, 131.67
FRH	219, 12470, 56.94
FRHT	68, 6480, 95.29
FRHTL	11, 1015, 92.27
FRI	43, 4495, 104.53
FRIE	475, 44170, 92.99
FRIEG	336, 35195, 104.75
FRIEH	33, 3375, 102.27
FRIEI	5, 575, 115.0
FRIG	157, 16365, 104.24
FRIGH	132, 13890, 105.23
FRIHT	6, 690, 115.0
FRL	66, 7375, 111.74
FRLI	63, 6910, 109.68
FRLIN	17, 1855, 109.12
FRLN	123, 14145, 115.0
FRLNR	7, 705, 100.71
FRLT	15, 1565, 104.33
FROD	19, 1740, 91.58
FRT	212, 17445, 82.29
FRT L	12, 1175, 97.92
FRT/L	7, 640, 91.43
FRTL	157, 13420, 85.48
FRTLI	16, 1340, 83.75
FRTLN	5, 445, 89.0
FRTLR	7, 755, 107.86
FRUEH	448590, 42370970, 94.45
FRY	5, 265, 53.0
FT	18, 1920, 106.67
FT LI	32, 3625, 113.28
FT/L	24, 2280, 95.0
FT/LI	233, 25575, 109.76
FT/LN	24, 2760, 115.0
FT/LT	8, 920, 115.0
FTL	16, 1300, 81.25
FTLI	9, 1035, 115.0
FTLN	7, 855, 122.14
FTLNR	13, 1295, 99.62
FTLR	5, 355, 71.0
FUS	6, 495, 82.5
FUSO	417, 43780, 104.99
G	6, 690, 115.0
G D	34, 1765, 51.91
G DAE	12, 1380, 115.0
G DAN	98, 10470, 106.84
GARDE	24, 1150, 47.92
GC	5, 455, 91.0
GCA	5, 265, 53.0
GD	71, 6320, 89.01
GDAE	7, 805, 115.0
GDAVE	19, 2115, 111.32
GDN	6, 425, 70.83
GE/C	13, 1395, 107.31
GENES	31, 2495, 80.48
GENUI	21, 1490, 70.95
GEO	1985, 138540, 69.79
GIDNY	415, 34700, 83.61
GIL	12, 1325, 110.42
GILL	75, 7995, 106.6
GILLI	13, 980, 75.38
GLA	8, 1470, 183.75
GLAS	6, 330, 55.0
GLAV	5, 385, 77.0
GLBEN	10, 500, 50.0
GMC	313460, 22946435, 73.2
GMC.	12, 600, 50.0
GN	10, 1150, 115.0
GNC	8, 570, 71.25
GO	5, 445, 89.0
GOV	77, 7915, 102.79
GRAND	12, 1050, 87.5
GRAT	7, 855, 122.14
GRAY	6, 575, 95.83
GRD	20, 1775, 88.75
GRDN	11, 1015, 92.27
GRE	86, 6640, 77.21
GRE D	5, 575, 115.0
GREA	8, 500, 62.5
GREAT	1366, 105370, 77.14
GREDN	5, 575, 115.0
GREIC	5, 575, 115.0
GREIG	71, 8165, 115.0
GREY	11, 1090, 99.09
GRT	18, 2000, 111.11
GRT D	12, 1230, 102.5
GRTDA	5, 390, 78.0
GRU	17, 1840, 108.24
GRUEH	105, 9645, 91.86
GRUM	16, 1750, 109.38
GRUMM	445, 38545, 86.62
GSB	6, 495, 82.5
GSC	10, 520, 52.0
GSCR	10, 675, 67.5
GV	11, 1175, 106.82
GW	18, 1670, 92.78
H	9, 860, 95.56
H D	9, 465, 51.67
H-D	5, 265, 53.0
HACK	11, 950, 86.36
HACKN	22, 1815, 82.5
HAMME	6, 535, 89.17
HARLE	3623, 242995, 67.07
HARVE	6, 570, 95.0
HAULM	6, 290, 48.33
HEAVY	6, 395, 65.83
HEI	6, 300, 50.0
HEIL	29, 1775, 61.21
HENO	14, 1265, 90.36
HERC	8, 525, 65.63
HERCU	30, 1840, 61.33
HIGHW	117, 9765, 83.46
HIMO	7, 620, 88.57
HIN	36113, 3383560, 93.69
HIND	33, 3205, 97.12
HINDO	16, 1640, 102.5
HINI	28, 2510, 89.64
HINIO	13, 1295, 99.62
HINO	74724, 6722160, 89.96
HINOD	16, 1775, 110.94
HINOT	5, 250, 50.0
HNO	21, 1690, 80.48
HO/R	5, 325, 65.0
HODN	15, 970, 64.67
HOME	13, 825, 63.46
HOMEM	15, 865, 57.67
HOMES	6, 280, 46.67
HOMET	7, 805, 115.0
HONDA	1064809, 67718270, 63.6
HONE	12, 810, 67.5
HRI	5, 300, 60.0
HUD	13, 1270, 97.69
HUDI	10, 675, 67.5
HUDSO	7, 425, 60.71
HUMBE	426, 29985, 70.39
HUMME	4698, 301430, 64.16
HUN	23, 2150, 93.48
HURI	10, 465, 46.5
HUYN	6, 570, 95.0
HYDI	15, 1350, 90.0
HYOSU	6, 555, 92.5
HYTR	52, 3200, 61.54
HYUAN	8, 725, 90.63
HYUN	872, 55190, 63.29
HYUND	276056, 17517770, 63.46
I	7, 805, 115.0
IC	1849, 113715, 61.5
ICCO	8, 440, 55.0
IFIN	20, 1615, 80.75
IFINI	6, 410, 68.33
IIES	15, 1725, 115.0
IL	11, 1005, 91.36
INDIA	18, 1165, 64.72
INER	8, 850, 106.25
INET	10, 850, 85.0
INETR	10, 900, 90.0
INFI	9, 825, 91.67
INFII	9, 755, 83.89
INFIN	169040, 10622870, 62.84
INFIT	13, 1280, 98.46
INFNI	9, 925, 102.78
INIF	8, 520, 65.0
INIFI	44, 3405, 77.39
INL	5, 575, 115.0
INT H	5, 420, 84.0
INT L	7, 805, 115.0
INT.	6, 690, 115.0
INTE	8, 920, 115.0
INTEL	69, 6965, 100.94
INTER	318328, 29652410, 93.15
INTI	20, 1920, 96.0
INTIL	27, 2065, 76.48
INTIN	23, 2435, 105.87
INTN	11, 1115, 101.36
INTR	107, 10060, 94.02
INTZ	17, 1730, 101.76
IS	10, 1080, 108.0
ISUZU	133905, 11821645, 88.28
ISZ	8, 595, 74.38
ITALJ	11, 995, 90.45
IZ	23, 2345, 101.96
J J	7, 340, 48.57
JAGUA	15204, 970040, 63.8
JAYC	9, 680, 75.56
JEEP	315907, 19862140, 62.87
JENSE	412, 27415, 66.54
JINDO	20, 1150, 57.5
JINO	85, 7960, 93.65
JJ	5, 225, 45.0
JMSTA	7, 450, 64.29
JO/DE	6, 300, 50.0
JOHNS	15, 750, 50.0
JONWA	12, 870, 72.5
K W	26, 1360, 52.31
K/W	22, 2325, 105.68
KAIT	5, 315, 63.0
KAITO	6, 380, 63.33
KARAV	8, 475, 59.38
KAUF	14, 845, 60.36
KAUFM	25, 1335, 53.4
KAWAS	4614, 354740, 76.88
KEM	5, 525, 105.0
KEMWO	7, 570, 81.43
KEN W	19, 2135, 112.37
KENI	18, 2070, 115.0
KENIL	24, 2165, 90.21
KENIW	5, 400, 80.0
KENMO	31, 3365, 108.55
KENNO	9, 960, 106.67
KENO	17, 1875, 110.29
KENOW	5, 575, 115.0
KENS	6, 490, 81.67
KENSW	21, 1770, 84.29
KENT	9, 605, 67.22
KENTU	451, 33430, 74.12
KENTW	8, 620, 77.5
KENW	179, 18700, 104.47
KENWD	5, 575, 115.0
KENWO	45388, 4371975, 96.32
KEW	10, 1050, 105.0
KEWO	10, 1100, 110.0
KI/M	18, 945, 52.5
KI/MO	10, 500, 50.0
KIA	101730, 6542225, 64.31
KIA M	8, 400, 50.0
KIA.	12, 595, 49.58
KID	8, 785, 98.13
KIDRO	18, 1795, 99.72
KINO	7, 595, 85.0
KN	25, 2825, 113.0
KRUZ	5, 250, 50.0
KRYS	47, 3785, 80.53
KRYST	6, 300, 50.0
KTM	58, 3260, 56.21
KURBM	10, 770, 77.0
KW	1585, 169890, 107.19
KYMCO	100, 6375, 63.75
KYRS	5, 225, 45.0
L R	105, 5300, 50.48
L/R	12, 925, 77.08
LA	11, 845, 76.82
LA RO	295, 26180, 88.75
LA/RD	27, 2375, 87.96
LADA	24, 1705, 71.04
LAIRO	7, 405, 57.86
LAMBO	217, 15940, 73.46
LAN R	5, 500, 100.0
LAN/R	6, 670, 111.67
LAND/	12, 975, 81.25
LANDO	19, 920, 48.42
LAR	11, 745, 67.73
LARD	5, 405, 81.0
LAYTO	51, 2365, 46.37
LDV	11, 1000, 90.91
LENOX	5, 520, 104.0
LEUXS	10, 690, 69.0
LEXUS	244584, 15147950, 61.93
LIEBH	10, 500, 50.0
LIMO	6, 505, 84.17
LINCO	123958, 8652795, 69.8
LND	382, 19230, 50.34
LO/RO	7, 595, 85.0
LODC	16, 860, 53.75
LOTUS	168, 12815, 76.28
LUFKI	14, 680, 48.57
LX	10, 1110, 111.0
M	9, 1245, 138.33
M B	314, 15700, 50.0
M-B	47, 2350, 50.0
MA	9, 710, 78.89
MACK	30453, 2793770, 91.74
MADA	5, 575, 115.0
MAERS	11, 555, 50.45
MAGIR	93, 7440, 80.0
MAJE	6, 300, 50.0
MAN	5, 305, 61.0
MANAC	9, 635, 70.56
MARC	8, 745, 93.13
MARCU	12, 1045, 87.08
MAROO	7, 1125, 160.71
MARTZ	7, 645, 92.14
MAS	58, 3190, 55.0
MASE	1182, 78775, 66.65
MASSA	3774, 242785, 64.33
MASTE	13, 1045, 80.38
MAXON	24, 2590, 107.92
MAYB	22, 1910, 86.82
MAYBA	32, 2490, 77.81
MAZDA	112401, 7170775, 63.8
MAZER	7, 615, 87.86
MBSP	13, 1175, 90.38
MCA	9, 895, 99.44
MCE	7, 755, 107.86
MCI	4600, 607945, 132.16
MCIN	13, 975, 75.0
MCLA	26, 1830, 70.38
MCLAR	5, 315, 63.0
MCY	23, 3125, 135.87
ME	41, 3020, 73.66
ME/BE	387600, 25392965, 65.51
MEI	10, 1480, 148.0
MER	564, 34295, 60.81
MERCI	8, 510, 63.75
MERCU	86488, 7045240, 81.46
MERE	7, 635, 90.71
MEREU	5, 370, 74.0
MERY	5, 565, 113.0
METRO	21, 1345, 64.05
METZ	27, 1465, 54.26
MFG	7, 525, 75.0
MG	200, 13735, 68.68
MI	10, 850, 85.0
MI FU	53, 4645, 87.64
MI/F	8496, 723815, 85.19
MI/FL	10, 960, 96.0
MI/FV	5, 575, 115.0
MI/FY	6, 565, 94.17
MIC	44, 4340, 98.64
MICK	66, 7535, 114.17
MICKE	169, 18065, 106.89
MICR	5, 380, 76.0
MICRO	8, 415, 51.88
MIN C	9, 450, 50.0
MINC	22, 1100, 50.0
MINI	25519, 1628315, 63.81
MINIC	42, 3665, 87.26
MINO	6, 565, 94.17
MINT	5, 480, 96.0
MIST	7, 365, 52.14
MISU	5, 400, 80.0
MITSU	125896, 9582835, 76.12
MLI	5, 975, 195.0
MNI	7, 420, 60.0
MO/CH	5, 575, 115.0
MO/GU	14, 700, 50.0
MO/O	7, 565, 80.71
MO/V	23, 2100, 91.3
MO/VE	8, 400, 50.0
MONN	12, 585, 48.75
MONO	10, 665, 66.5
MONON	9, 410, 45.56
MORGA	127, 10470, 82.44
MOTO	17, 1210, 71.18
MOTOG	31, 2170, 70.0
MOTOR	49, 3870, 78.98
MS	5, 425, 85.0
MSA	5, 505, 101.0
MSC	6, 290, 48.33
MSE	5, 265, 53.0
MU	23, 7045, 306.3
MURC	6, 600, 100.0
MV/AG	7, 350, 50.0
MVONE	10, 500, 50.0
N/S	13, 960, 73.85
NA	9, 675, 75.0
NATIO	5, 435, 87.0
NAVI	26, 2730, 105.0
NAVIS	2084, 177825, 85.33
NDMC	9, 725, 80.56
NE/FL	110, 5500, 50.0
NEAP	8, 850, 106.25
NEW	15, 1510, 100.67
NEWF	16, 1330, 83.13
NEWFL	20, 1060, 53.0
NFIN	5, 465, 93.0
NIIS	6, 220, 36.67
NINJA	7, 685, 97.86
NINO	5, 525, 105.0
NISN	7, 350, 50.0
NISSA	893878, 57229155, 64.02
NO/BU	40, 2000, 50.0
NS	79, 5415, 68.54
NS/OT	131720, 10700290, 81.24
NV	6, 410, 68.33
NW	6, 565, 94.17
OLD S	5, 320, 64.0
OLDM	7, 475, 67.86
OLDMO	18, 1545, 85.83
OLDSM	7636, 489375, 64.09
OLS	8, 680, 85.0
OMR	12, 1910, 159.17
OPEL	18, 895, 49.72
OPELP	7, 395, 56.43
ORD	6, 360, 60.0
ORIO	46, 3125, 67.93
ORION	259, 13095, 50.56
ORKH	6, 480, 80.0
OSHIK	13, 1255, 96.54
OSHKO	48, 2925, 60.94
OTHER	9, 730, 81.11
OTHR	87, 200, 2.3
PB	52, 5285, 101.63
PEDIC	17, 1945, 114.41
PET	227, 14715, 64.82
PETE	51, 4635, 90.88
PETER	38679, 3711420, 95.95
PETR	10, 1025, 102.5
PEUGE	142, 11145, 78.49
PGO	10, 765, 76.5
PIA	12, 725, 60.42
PIAG	13, 1035, 79.62
PIAGG	299, 20285, 67.84
PINES	5, 225, 45.0
PL	5, 525, 105.0
PLAGG	5, 455, 91.0
PLYMO	6160, 396795, 64.41
POIN	5, 575, 115.0
POINT	6, 570, 95.0
POLAR	13, 715, 55.0
PONIA	6, 650, 108.33
PONTA	21, 1695, 80.71
PONTI	26852, 1747125, 65.06
PORSC	24420, 1565315, 64.1
POTIA	7, 570, 81.43
PRA	5, 230, 46.0
PRATT	37, 1665, 45.0
PRE	22, 2350, 106.82
PREO	13, 1365, 105.0
PREV	318, 31135, 97.91
PREVO	2264, 242055, 106.91
PROV	15, 2330, 155.33
PROVO	15, 3000, 200.0
PTB	17, 995, 58.53
PTR	18, 1255, 69.72
PTR B	5, 490, 98.0
PTRB	20, 1675, 83.75
PTRBI	5, 505, 101.0
PTRBL	15, 1560, 104.0
PUCH	11, 690, 62.73
R	8, 640, 80.0
R ROV	10, 930, 93.0
R/R	14, 1400, 100.0
R/ROV	7, 545, 77.86
RA RO	17, 1590, 93.53
RA/R	7, 395, 56.43
RA/RO	27, 2340, 86.67
RAM.	5, 250, 50.0
RED	6, 535, 89.17
REFG	54, 5860, 108.52
REIG	12, 1205, 100.42
REIGT	5, 445, 89.0
REINK	8, 360, 45.0
RENAU	99, 7160, 72.32
REYCO	7, 315, 45.0
RHINO	5, 435, 87.0
RINO	6, 580, 96.67
RO/R	181, 12980, 71.71
ROCK	21, 1405, 66.9
ROLLS	393, 32425, 82.51
ROVER	69826, 4488820, 64.29
RS	5, 295, 59.0
RTS	54, 2765, 51.2
RW	6, 585, 97.5
RYDER	18, 2015, 111.94
S	5, 385, 77.0
SAA.	7, 350, 50.0
SAAB	12626, 787100, 62.34
SANYA	16, 1325, 82.81
SATRU	8, 620, 77.5
SATUM	6, 670, 111.67
SATUN	13, 1105, 85.0
SATUR	24687, 1580470, 64.02
SCHI	6, 390, 65.0
SCI	11, 610, 55.45
SCIM	5, 295, 59.0
SCIO	24, 1460, 60.83
SCION	6551, 449930, 68.68
SEABO	9, 380, 42.22
SEMI	50, 2645, 52.9
SETR	68, 6850, 100.74
SETRA	16, 2995, 187.19
SHENK	7, 565, 80.71
SHORE	5, 255, 51.0
SIER	14, 980, 70.0
SIMCA	49, 3265, 66.63
SKODA	32, 2330, 72.81
SLING	9, 595, 66.11
SMA	56, 2930, 52.32
SMAR	14, 630, 45.0
SMART	18502, 1141950, 61.72
SMITH	1554, 131720, 84.76
SMRT	17, 1235, 72.65
SOLBC	5, 300, 60.0
SOLEC	284, 17685, 62.27
SOMET	7, 525, 75.0
SOUTH	5, 255, 51.0
SP/TE	7, 415, 59.29
SPEC	16, 830, 51.88
SPECT	20, 1030, 51.5
SPINT	11, 885, 80.45
SPR	8, 595, 74.38
SPRI	1765, 117685, 66.68
ST/A	42, 4280, 101.9
ST/AC	8, 400, 50.0
ST/AL	18, 965, 53.61
ST/C	14, 1120, 80.0
ST/CR	22, 1100, 50.0
ST/Q	13, 905, 69.62
ST/QU	10, 500, 50.0
STAR	803, 51800, 64.51
STARC	727, 38475, 52.92
STE	22, 1460, 66.36
STELL	6, 520, 86.67
STERL	10947, 932640, 85.2
STERN	5, 525, 105.0
STL	145, 8220, 56.69
STOU	13, 740, 56.92
STOUG	16, 830, 51.88
STR	73, 4005, 54.86
STRA	10, 510, 51.0
STRAC	10, 675, 67.5
STREA	6, 300, 50.0
STRG	12, 845, 70.42
STRI	43, 2325, 54.07
STRIC	183, 11345, 61.99
STRL	6, 425, 70.83
STUDE	120, 8395, 69.96
SUBAR	135600, 8321095, 61.37
SUKU	13, 880, 67.69
SUMMI	9, 495, 55.0
SUNBE	195, 11610, 59.54
SUNL	12, 1030, 85.83
SUNLI	7, 350, 50.0
SUP	7, 3205, 457.86
SUPR	10, 730, 73.0
SUPRE	5, 250, 50.0
SUZU	25, 1805, 72.2
SUZUK	11064, 726995, 65.71
SYM	32, 2645, 82.66
TA/TA	13, 810, 62.31
TALBE	8, 450, 56.25
TAN	5, 420, 84.0
TAOTA	20, 1665, 83.25
TEMS	57, 4865, 85.35
TEMSA	27, 2450, 90.74
TES	59, 3015, 51.1
TESL	533, 34325, 64.4
TESLA	1491, 97220, 65.2
TEX	20, 1210, 60.5
THEO	11, 775, 70.45
THEU	10, 685, 68.5
THEUR	209, 15525, 74.28
THINW	11, 495, 45.0
THO	16, 4245, 265.31
THOMA	1760, 180560, 102.59
THOMS	15, 750, 50.0
THT	8, 450, 56.25
TI BR	5, 365, 73.0
TIBRO	7, 425, 60.71
TIOG	7, 265, 37.86
TITAN	70, 3700, 52.86
TLR	113, 5605, 49.6
TNTE	36, 1860, 51.67
TODCO	8, 780, 97.5
TOMOS	30, 2365, 78.83
TOYA	24, 1170, 48.75
TOYOT	1184638, 76438630, 64.52
TR/T	8, 540, 67.5
TR/TE	35, 1750, 50.0
TRA	18, 1685, 93.61
TRAC	47, 3775, 80.32
TRACT	16, 1410, 88.13
TRAI	9, 530, 58.89
TRAIL	3049, 181315, 59.47
TRALE	7, 335, 47.86
TRAN	28, 1580, 56.43
TRIM	14, 945, 67.5
TRITO	18, 1050, 58.33
TRIUM	2128, 146090, 68.65
TRK	6, 625, 104.17
TRL	263, 18500, 70.34
TRLR	203, 11550, 56.9
TRUCK	93, 9625, 103.49
TU/T	11, 765, 69.55
TURT	16, 1170, 73.13
TURTL	6, 310, 51.67
U D	5, 250, 50.0
UD	17086, 1532980, 89.72
UD/N	9, 680, 75.56
UHAUL	33, 2655, 80.45
UMC	16, 1025, 64.06
UN	6, 535, 89.17
UNCB	17, 595, 35.0
UNIFL	417, 29425, 70.56
UNIV	358, 20915, 58.42
UNIVE	39, 2445, 62.69
UNK	27, 2170, 80.37
UNKNO	16, 795, 49.69
UP	15, 1550, 103.33
UPS	2963, 306705, 103.51
UPS T	5, 575, 115.0
US	7, 735, 105.0
UT	8, 920, 115.0
UT/M	294, 17550, 59.69
UT/MA	20, 1810, 90.5
UTI	64, 5770, 90.16
UTICA	5, 575, 115.0
UTIL	8275, 604380, 73.04
UTILI	4057, 328805, 81.05
UTILM	10, 850, 85.0
UTILT	10, 905, 90.5
UTIM	5, 445, 89.0
UTL	6, 570, 95.0
UTLIT	5, 385, 77.0
UTM	7, 415, 59.29
VA HO	24, 2620, 109.17
VA/H	300, 20490, 68.3
VA/HO	86, 10020, 116.51
VA/P	5, 295, 59.0
VAHO	30, 4035, 134.5
VAHOO	8, 850, 106.25
VAN	106, 18995, 179.2
VAN H	3237, 271960, 84.02
VANH	54, 10880, 201.48
VANHA	5, 1305, 261.0
VANHO	3875, 433000, 111.74
VD	7, 630, 90.0
VES	10, 850, 85.0
VESP	25, 2210, 88.4
VESPA	6593, 453305, 68.76
VICTO	29, 1600, 55.17
VINO	5, 505, 101.0
VN	5, 455, 91.0
VN/H	70, 3470, 49.57
VNHL	15, 4925, 328.33
VOIKS	7, 610, 87.14
VOLK	9, 655, 72.78
VOLKS	191163, 12026765, 62.91
VOLLK	6, 460, 76.67
VOLVO	85264, 5843005, 68.53
VOVL	12, 650, 54.17
VPG	933, 51045, 54.71
VWGN	5, 460, 92.0
W	9, 1035, 115.0
W H	7, 740, 105.71
W HOR	9, 985, 109.44
W S	6, 365, 60.83
W/H	22, 2460, 111.82
W/HO	5, 520, 104.0
W/V	5, 575, 115.0
WAB	85, 8605, 101.24
WABA	63, 4760, 75.56
WABAS	166, 12720, 76.63
WABUS	5, 385, 77.0
WANC	47, 3750, 79.79
WCC	12, 865, 72.08
WE ST	5, 335, 67.0
WE/S	12, 1210, 100.83
WE/ST	49, 2555, 52.14
WELLS	6, 345, 57.5
WES	33, 1825, 55.3
WEST	18, 1570, 87.22
WH	278, 30105, 108.29
WH/G	9, 865, 96.11
WH/GM	29, 3010, 103.79
WHITE	757, 62965, 83.18
WHOR	40, 3985, 99.63
WHORS	9, 985, 109.44
WHT	9, 915, 101.67
WIN	7, 380, 54.29
WINN	83, 5145, 61.99
WINNE	50, 2825, 56.5
WINNI	5, 385, 77.0
WINO	5, 260, 52.0
WK	21, 2055, 97.86
WK H	11, 1185, 107.73
WK HO	6, 610, 101.67
WK HR	6, 690, 115.0
WK HS	5, 575, 115.0
WK/H	75, 5990, 79.87
WKH	30, 2930, 97.67
WKHOR	16, 1840, 115.0
WKHR	11, 1265, 115.0
WKHRS	17, 1935, 113.82
WKHS	34, 3890, 114.41
WKHSE	6, 690, 115.0
WO	7, 735, 105.0
WO CH	25, 2875, 115.0
WO HO	36, 4040, 112.22
WO/C	936, 79605, 85.05
WO/CH	169, 17860, 105.68
WO/H	330, 31385, 95.11
WO/HO	210, 22975, 109.4
WO/HR	5, 440, 88.0
WO/HS	5, 505, 101.0
WOHO	13, 1425, 109.62
WOKH	27, 3000, 111.11
WOR	48, 3815, 79.48
WORH	20, 2035, 101.75
WORK	10552, 935870, 88.69
WORK/	8, 920, 115.0
WORKE	6, 635, 105.83
WORKH	52314, 5163625, 98.7
WORKI	9, 955, 106.11
WORKM	5, 520, 104.0
WORKS	41, 3180, 77.56
WORKV	24, 2705, 112.71
WORTH	51, 5565, 109.12
WRH	6, 560, 93.33
WRK	26, 2730, 105.0
WRK H	46, 5290, 115.0
WRKHO	28, 3220, 115.0
WRKHR	28, 3220, 115.0
WRKHS	16, 1840, 115.0
WV	30, 2755, 91.83
WW	7, 595, 85.0
X	6, 465, 77.5
XL	7, 355, 50.71
YAMAH	4331, 309195, 71.39
YUGO	12, 880, 73.33
ZENIT	21, 2070, 98.57
ZERO	5, 380, 76.0
ZIM	11, 610, 55.45
ZUMA	30, 2495, 83.17
