Type	Count, Total Dollars, Average
1	11, 955, 86.82
5B14	11, 1265, 115.0
AC	17, 1605, 94.41
ACADE	7, 735, 105.0
ACC	18, 1585, 88.06
ACUA	9, 775, 86.11
ACUR	5, 455, 91.0
ACURA	186319, 11845915, 63.58
ADD	11, 1145, 104.09
ADVAN	9, 515, 57.22
AERO	8, 870, 108.75
AJ	11, 495, 45.0
AJAX	136, 8215, 60.4
AL/D	9, 755, 83.89
AL/DE	5, 380, 76.0
AL/R	32, 2125, 66.41
ALEXA	54, 5175, 95.83
ALFAR	156, 11455, 73.43
ALMAC	62, 3165, 51.05
AM/C	9, 875, 97.22
AM/G	16, 1015, 63.44
AM/T	48, 2620, 54.58
AM/TR	25, 1375, 55.0
AMC	234, 15305, 65.41
AMTR	41, 1750, 42.68
AMTRA	12, 655, 54.58
ANCIA	220, 14795, 67.25
ANKA	20, 2820, 141.0
ANKAI	8, 530, 66.25
APP	8, 805, 100.63
APPT	12, 1380, 115.0
APRIL	27, 1720, 63.7
ARMOR	9, 495, 55.0
ARMR	7, 455, 65.0
ARODI	11, 1265, 115.0
AS/M	89, 6170, 69.33
AUDDI	6, 615, 102.5
AUDI	118483, 7494320, 63.25
AURA	13, 1160, 89.23
AUSTI	211, 13890, 65.83
AUTOC	265, 22990, 86.75
AVCO	7, 415, 59.29
BALAN	9, 760, 84.44
BB	5, 505, 101.0
BEKIN	7, 315, 45.0
BEN	17, 915, 53.82
BENSO	27, 1330, 49.26
BENTI	5, 570, 114.0
BENTL	1450, 103760, 71.56
BERI	27, 1935, 71.67
BERIN	8, 540, 67.5
BERTO	330, 22260, 67.45
BL BI	11, 840, 76.36
BL/B	446, 29100, 65.25
BL/BI	234, 12670, 54.15
BL/BL	8, 675, 84.38
BLBR	5, 365, 73.0
BLK	6, 480, 80.0
BLUE	118, 8155, 69.11
BLUEB	46, 2860, 62.17
BMW	327866, 20889825, 63.71
BMW.	23, 1160, 50.43
BMWQ	6, 310, 51.67
BRIC	5, 285, 57.0
BRIDG	107, 6680, 62.43
BROOK	5, 225, 45.0
BROWN	6, 555, 92.5
BRTO	9, 475, 52.78
BSA	20, 1460, 73.0
BUCK	10, 795, 79.5
BUD	5, 320, 64.0
BUDD	7, 315, 45.0
BUELL	7, 560, 80.0
BUICK	39114, 2483360, 63.49
BUIK	5, 525, 105.0
BURG	12, 1380, 115.0
BUS	49, 5830, 118.98
CA/AM	8, 400, 50.0
CADAI	7, 715, 102.14
CADIL	85390, 5869195, 68.73
CAMR	5, 255, 51.0
CARGO	163, 7405, 45.43
CARRY	5, 250, 50.0
CASE	28, 1570, 56.07
CAT	23, 1500, 65.22
CDAIL	6, 430, 71.67
CH	14, 1295, 92.5
CHAM	12, 630, 52.5
CHECK	1107, 73380, 66.29
CHEET	15, 850, 56.67
CHER	52, 3865, 74.33
CHEVR	716839, 47231675, 65.89
CHEY	5, 495, 99.0
CHEYS	12, 880, 73.33
CHRYS	176035, 11422105, 64.89
CHTAH	12, 1310, 109.17
CHTH	14, 770, 55.0
CHV	19, 1080, 56.84
CHVE	7, 425, 60.71
CHY	40, 3460, 86.5
CHYR	24, 2100, 87.5
CHYST	6, 430, 71.67
CIMC	116, 6205, 53.49
CITRO	114, 7710, 67.63
CMCI	5, 295, 59.0
COAC	10, 690, 69.0
COACH	39, 4115, 105.51
COLL	43, 2550, 59.3
COLLI	87, 4515, 51.9
COM	16, 1790, 111.88
COMM	7, 805, 115.0
CONV	15, 1240, 82.67
COPE	9, 450, 50.0
CORB	18, 930, 51.67
CORBE	33, 1725, 52.27
COT	7, 530, 75.71
COTTR	13, 705, 54.23
COURI	8, 820, 102.5
CRYST	17, 1915, 112.65
CUB C	17, 1905, 112.06
CUBCA	11, 1215, 110.45
CUST	9, 330, 36.67
DAEWO	361, 24315, 67.35
DATSU	119, 7650, 64.29
DEL	10, 1150, 115.0
DELIV	13, 1425, 109.62
DELOR	20, 1380, 69.0
DELV	42, 4255, 101.31
DEMA	34, 3720, 109.41
DHL	5, 465, 93.0
DIAHA	9, 585, 65.0
DIAMO	221, 16330, 73.89
DIVC	9, 835, 92.78
DODGE	340282, 23327580, 68.55
DOR	6, 430, 71.67
DORS	7, 470, 67.14
DORSE	523, 36405, 69.61
DOWN	8, 380, 47.5
DUCAT	407, 28810, 70.79
DUNBA	13, 1425, 109.62
EAGE.	11, 495, 45.0
EAMC	7, 385, 55.0
EAS	19, 1185, 62.37
EAST	393, 20565, 52.33
EASTO	120, 5880, 49.0
EBY	5, 250, 50.0
ELD	13, 4035, 310.38
ELDO	48, 2855, 59.48
ELKH	5, 295, 59.0
ENFIE	7, 495, 70.71
EZL	14, 760, 54.29
F	5, 575, 115.0
F LIN	8, 920, 115.0
F/L	98, 10150, 103.57
F/V	6, 690, 115.0
FED E	13, 1355, 104.23
FEDE	24, 1780, 74.17
FEDER	5, 360, 72.0
FEDEX	116, 13045, 112.46
FEIG	9, 845, 93.89
FEIGH	9, 930, 103.33
FERIG	75, 7870, 104.93
FERRA	1301, 117465, 90.29
FG	12, 1270, 105.83
FGHT	23, 2645, 115.0
FGT	10, 1070, 107.0
FHRT	8, 865, 108.13
FHT	10, 1065, 106.5
FHTL	412, 41045, 99.62
FI	14, 1160, 82.86
FI LI	5, 575, 115.0
FI/LI	20, 2300, 115.0
FIAT	11599, 756120, 65.19
FIBE	13, 685, 52.69
FIBER	5, 305, 61.0
FISK	17, 965, 56.76
FISKE	19, 1755, 92.37
FL	139, 14300, 102.88
FLI	7, 480, 68.57
FLIN	27, 2045, 75.74
FLINE	14, 1530, 109.29
FLORE	16, 820, 51.25
FO/W	7, 645, 92.14
FOD	18, 965, 53.61
FON	10, 565, 56.5
FONA	5, 250, 50.0
FONT	11, 840, 76.36
FONTA	1496, 118140, 78.97
FORD	1229404, 83468350, 67.89
FORIG	11, 1265, 115.0
FORS	6, 420, 70.0
FPR	6, 300, 50.0
FR	113, 11800, 104.42
FR HT	6, 640, 106.67
FR L	25, 2875, 115.0
FR LI	171, 18570, 108.6
FR LN	16, 1840, 115.0
FR-L	33, 3795, 115.0
FR/L	304, 30705, 101.0
FR/LI	967, 102605, 106.11
FR/LN	50, 5375, 107.5
FR/LR	8, 920, 115.0
FR/LT	28, 3110, 111.07
FRD	227, 19605, 86.37
FRE	6, 690, 115.0
FREG	155, 16900, 109.03
FREGH	69, 7325, 106.16
FREHT	9, 1035, 115.0
FREI	371, 39800, 107.28
FREIC	20, 2300, 115.0
FREID	6, 580, 96.67
FREIG	2650, 263730, 99.52
FREIH	22, 2425, 110.23
FREIL	8, 820, 102.5
FREIT	20, 1835, 91.75
FREOG	9, 955, 106.11
FREUG	8, 920, 115.0
FRG	71, 7925, 111.62
FRGH	190, 19200, 101.05
FRGHT	245, 26735, 109.12
FRGI	7, 670, 95.71
FRGT	34, 3725, 109.56
FRGTL	5, 475, 95.0
FRH	237, 13150, 55.49
FRHT	8, 920, 115.0
FRI	54, 6015, 111.39
FRI/L	5, 575, 115.0
FRIDG	6, 690, 115.0
FRIE	437, 40805, 93.38
FRIEG	418, 42685, 102.12
FRIEH	6, 635, 105.83
FRIEI	6, 590, 98.33
FRIG	129, 13540, 104.96
FRIGH	194, 20250, 104.38
FRIL	10, 1150, 115.0
FRL	60, 6850, 114.17
FRLI	68, 7380, 108.53
FRLIN	11, 1080, 98.18
FRLN	199, 22700, 114.07
FRLNR	11, 1215, 110.45
FRLR	16, 1820, 113.75
FRLT	12, 1380, 115.0
FROD	9, 745, 82.78
FRT	239, 20840, 87.2
FRT L	11, 1045, 95.0
FRTL	158, 13350, 84.49
FRTLI	21, 1890, 90.0
FRUEH	347662, 32860060, 94.52
FT	48, 5220, 108.75
FT LI	44, 4955, 112.61
FT/L	17, 1725, 101.47
FT/LI	157, 17615, 112.2
FT/LN	16, 1840, 115.0
FT/LT	6, 625, 104.17
FTL	36, 3660, 101.67
FTLI	11, 1265, 115.0
FTLN	14, 1445, 103.21
FTLNR	35, 3805, 108.71
FTLR	5, 575, 115.0
FUS	6, 560, 93.33
FUSO	435, 45105, 103.69
G D	30, 1500, 50.0
G DAN	61, 6750, 110.66
GARDA	10, 1150, 115.0
GARDE	13, 585, 45.0
GC	7, 505, 72.14
GD	71, 5815, 81.9
GDAE	6, 690, 115.0
GDAVE	18, 2070, 115.0
GDN	5, 445, 89.0
GE/C	9, 895, 99.44
GE/M	6, 395, 65.83
GED	5, 360, 72.0
GEM	7, 675, 96.43
GENES	28, 2420, 86.43
GENUI	11, 785, 71.36
GEO	1833, 129340, 70.56
GIDNY	411, 31850, 77.49
GIL	14, 1120, 80.0
GILL	48, 4845, 100.94
GILLI	27, 2380, 88.15
GLAV	8, 1430, 178.75
GLBEN	9, 450, 50.0
GMC	275192, 20086360, 72.99
GMC.	8, 400, 50.0
GN	11, 1225, 111.36
GOV	61, 6155, 100.9
GPTF	6, 325, 54.17
GR DA	7, 555, 79.29
GRAND	14, 1285, 91.79
GRD	12, 1055, 87.92
GRDN	11, 725, 65.91
GRE	86, 6955, 80.87
GREA	11, 775, 70.45
GREAT	1416, 107795, 76.13
GREIC	5, 575, 115.0
GREIG	57, 6500, 114.04
GREY	12, 1185, 98.75
GRT	16, 1775, 110.94
GRT D	7, 755, 107.86
GRU	6, 690, 115.0
GRUEH	109, 9615, 88.21
GRUM	11, 1210, 110.0
GRUMM	382, 32365, 84.73
GRY	5, 465, 93.0
GSC	10, 450, 45.0
GSCR	32, 2090, 65.31
GV	8, 920, 115.0
GW	21, 2885, 137.38
H	5, 495, 99.0
HACK	17, 1460, 85.88
HACKN	14, 1025, 73.21
HARLE	1026, 68905, 67.16
HEI	6, 300, 50.0
HEIL	24, 1200, 50.0
HENO	8, 920, 115.0
HERC	7, 330, 47.14
HERCU	17, 1075, 63.24
HERMA	7, 455, 65.0
HIGHW	91, 7990, 87.8
HIMO	7, 755, 107.86
HIN	15987, 1477070, 92.39
HIND	45, 3990, 88.67
HINDO	17, 1770, 104.12
HINI	16, 1540, 96.25
HINIO	5, 490, 98.0
HINO	65903, 5978420, 90.72
HINOD	19, 2055, 108.16
HMCI	5, 295, 59.0
HND	5, 520, 104.0
HNO	23, 1930, 83.91
HODN	12, 725, 60.42
HOLI	6, 325, 54.17
HOME	15, 905, 60.33
HOMES	5, 240, 48.0
HONDA	961874, 61297795, 63.73
HONE	5, 365, 73.0
HONO	6, 400, 66.67
HPA	6, 275, 45.83
HRYS	7, 470, 67.14
HUD	11, 1145, 104.09
HUDAI	6, 685, 114.17
HUDI	12, 1255, 104.58
HUMBE	437, 29650, 67.85
HUMME	4472, 286065, 63.97
HUN	36, 3095, 85.97
HUT	6, 690, 115.0
HUYN	5, 490, 98.0
HW	6, 640, 106.67
HYDI	24, 2110, 87.92
HYDU	15, 2220, 148.0
HYNO	5, 475, 95.0
HYTR	43, 2635, 61.28
HYUAN	6, 485, 80.83
HYUN	8, 795, 99.38
HYUND	244883, 15553015, 63.51
I	6, 540, 90.0
I C	7, 345, 49.29
IC	1642, 153140, 93.26
ICCO	8, 395, 49.38
ICRP	5, 250, 50.0
IFIN	11, 1205, 109.55
IFINI	7, 570, 81.43
IHIN	6, 460, 76.67
IL	9, 825, 91.67
IM	12, 1380, 115.0
IN F	11, 1265, 115.0
INDIA	6, 405, 67.5
INER	5, 500, 100.0
INETR	22, 2010, 91.36
INFII	7, 525, 75.0
INFIN	151700, 9528690, 62.81
INFIT	24, 2145, 89.38
INFNI	15, 1315, 87.67
INIF	16, 1220, 76.25
INIFI	49, 4445, 90.71
INIFN	5, 575, 115.0
INTE	13, 1375, 105.77
INTEL	87, 8865, 101.9
INTEN	10, 1020, 102.0
INTER	251789, 23384670, 92.87
INTI	14, 1405, 100.36
INTIL	29, 2185, 75.34
INTIN	24, 2205, 91.88
INTN	6, 690, 115.0
INTR	109, 10755, 98.67
INTRL	16, 1515, 94.69
INTY	5, 315, 63.0
INTZ	10, 1095, 109.5
IS	6, 570, 95.0
ISUZU	105503, 9229185, 87.48
ISZ	13, 990, 76.15
ITNE	9, 1035, 115.0
ITNL	8, 460, 57.5
IZ	10, 1150, 115.0
J J	7, 340, 48.57
JAGUA	13877, 893655, 64.4
JEEP	282895, 17834265, 63.04
JENSE	292, 19625, 67.21
JINDO	11, 675, 61.36
JINO	7, 445, 63.57
JINOD	6, 560, 93.33
JJ	6, 360, 60.0
JMH	7, 350, 50.0
JO/DE	8, 400, 50.0
JOHNS	11, 550, 50.0
K W	26, 1365, 52.5
K/W	25, 2540, 101.6
KAUF	9, 510, 56.67
KAUFM	7, 485, 69.29
KAWAS	2239, 189125, 84.47
KEN W	15, 1465, 97.67
KENCO	12, 730, 60.83
KENI	15, 1435, 95.67
KENIL	13, 1115, 85.77
KENMO	19, 1995, 105.0
KENN	5, 525, 105.0
KENO	14, 1610, 115.0
KENOW	8, 870, 108.75
KENSW	12, 1080, 90.0
KENT	19, 1930, 101.58
KENTU	353, 25150, 71.25
KENW	235, 24530, 104.38
KENWO	32407, 3114035, 96.09
KEW	9, 1035, 115.0
KEWO	8, 920, 115.0
KI/M	46, 2765, 60.11
KI/MO	15, 760, 50.67
KIA	86978, 5613755, 64.54
KIA M	11, 550, 50.0
KIA.	5, 315, 63.0
KID	8, 900, 112.5
KIDRO	12, 1220, 101.67
KN	23, 2565, 111.52
KRY	7, 2205, 315.0
KRYS	23, 1865, 81.09
KRYST	13, 790, 60.77
KTM	18, 1125, 62.5
KURBM	8, 590, 73.75
KW	1763, 188795, 107.09
KYMCO	39, 2360, 60.51
L R	93, 4665, 50.16
L/R	14, 1245, 88.93
LA	9, 525, 58.33
LA R	5, 250, 50.0
LA RO	357, 32195, 90.18
LA/RD	13, 1230, 94.62
LADA	17, 1345, 79.12
LAMBO	123, 9475, 77.03
LAND/	8, 900, 112.5
LANDO	6, 500, 83.33
LAR	6, 365, 60.83
LAYTO	6, 270, 45.0
LDV	11, 780, 70.91
LEUXS	6, 330, 55.0
LEXUS	223103, 13854915, 62.1
LIEBH	6, 365, 60.83
LIMO	15, 835, 55.67
LINCO	120632, 8553470, 70.91
LINO	6, 520, 86.67
LND	432, 21795, 50.45
LND R	6, 620, 103.33
LODC	11, 585, 53.18
LOTUS	158, 10670, 67.53
LR/R	5, 255, 51.0
LUFKI	7, 325, 46.43
LX	9, 925, 102.78
M	7, 680, 97.14
M B	227, 11350, 50.0
M-B	44, 2200, 50.0
MA	6, 600, 100.0
MACK	24825, 2284165, 92.01
MACT	13, 905, 69.62
MAD	5, 415, 83.0
MAERS	9, 465, 51.67
MAGIR	44, 3200, 72.73
MAJE	6, 300, 50.0
MAJES	5, 250, 50.0
MANAC	7, 315, 45.0
MANCO	10, 1150, 115.0
MANN	11, 1265, 115.0
MARC	14, 1610, 115.0
MARCU	8, 800, 100.0
MAROO	6, 375, 62.5
MAS	72, 4360, 60.56
MASE	25, 1595, 63.8
MASSA	4152, 270385, 65.12
MASTE	7, 595, 85.0
MAXON	25, 2630, 105.2
MAYB	17, 1540, 90.59
MAYBA	45, 2995, 66.56
MAZDA	102574, 6629410, 64.63
MBSP	9, 735, 81.67
MCI	3498, 426075, 121.81
MCIN	7, 600, 85.71
MCLA	12, 740, 61.67
MCY	19, 4175, 219.74
MD	6, 560, 93.33
ME	37, 2755, 74.46
ME/BE	343224, 22338140, 65.08
MEI	8, 920, 115.0
MER	571, 34505, 60.43
MERCU	81652, 6706270, 82.13
MERY	5, 575, 115.0
METRO	15, 895, 59.67
METZ	39, 2405, 61.67
MG	135, 9740, 72.15
MHS	6, 380, 63.33
MI	13, 1425, 109.62
MI FU	66, 5995, 90.83
MI/F	7777, 660185, 84.89
MIC	31, 2975, 95.97
MICK	42, 4830, 115.0
MICKE	147, 16060, 109.25
MICR	8, 470, 58.75
MICRO	6, 300, 50.0
MIN C	14, 700, 50.0
MINC	27, 1350, 50.0
MINI	21946, 1405785, 64.06
MINIC	78, 6220, 79.74
MIST	6, 540, 90.0
MITSU	109051, 8219395, 75.37
MO/V	19, 1585, 83.42
MO/VE	7, 350, 50.0
MOET	5, 295, 59.0
MONN	14, 925, 66.07
MONO	6, 300, 50.0
MONON	5, 225, 45.0
MOPED	6, 590, 98.33
MORGA	111, 8305, 74.82
MOTO	8, 490, 61.25
MOTOG	11, 635, 57.73
MOTOR	26, 3120, 120.0
MRTZ	10, 480, 48.0
MURC	7, 660, 94.29
MVI	7, 350, 50.0
MVONE	16, 800, 50.0
N	6, 500, 83.33
N/S	12, 865, 72.08
NA	36, 2445, 67.92
NAB	5, 345, 69.0
NAVI	43, 4815, 111.98
NAVIS	1731, 138915, 80.25
NDMC	7, 675, 96.43
NE/F	10, 550, 55.0
NE/FL	95, 4880, 51.37
NEW	6, 385, 64.17
NEWF	17, 995, 58.53
NEWFL	19, 945, 49.74
NFIN	6, 630, 105.0
NIA	5, 250, 50.0
NIDD	7, 530, 75.71
NIIS	6, 345, 57.5
NISN	5, 250, 50.0
NISSA	794326, 50999980, 64.21
NMF	11, 1265, 115.0
NO/BU	20, 1000, 50.0
NS	241, 17810, 73.9
NS/OT	118879, 10158335, 85.45
OLDMO	16, 1150, 71.88
OLDSM	7226, 466680, 64.58
OPEL	13, 645, 49.62
ORIO	30, 1995, 66.5
ORION	235, 11885, 50.57
OSHIK	6, 530, 88.33
OSHKO	43, 3045, 70.81
OTHER	9, 835, 92.78
OTHR	58, 50, 0.86
OTTA	5, 325, 65.0
OTTAW	17, 1105, 65.0
P/B	9, 935, 103.89
PACIF	7, 745, 106.43
PB	59, 6460, 109.49
PEDIC	5, 405, 81.0
PERTE	5, 575, 115.0
PET	192, 13405, 69.82
PETE	55, 5865, 106.64
PETER	29617, 2834265, 95.7
PETRB	6, 640, 106.67
PEUGE	69, 5250, 76.09
PIA	5, 315, 63.0
PIAGG	138, 9690, 70.22
PLYMO	6173, 396775, 64.28
POIN	7, 755, 107.86
POINT	6, 380, 63.33
POLAR	10, 500, 50.0
PONIA	7, 645, 92.14
PONTA	18, 1325, 73.61
PONTI	24916, 1638690, 65.77
PORSC	20958, 1365475, 65.15
PORTI	6, 720, 120.0
POSC	5, 305, 61.0
POTIA	6, 400, 66.67
PRATT	21, 945, 45.0
PRE	15, 880, 58.67
PREO	13, 2705, 208.08
PREV	221, 25805, 116.76
PREVO	1268, 121565, 95.87
PROV	8, 1180, 147.5
PROVO	21, 2810, 133.81
PSD	6, 690, 115.0
PTB	11, 910, 82.73
PTR	19, 1450, 76.32
PTRB	40, 2900, 72.5
PTRBL	9, 935, 103.89
R	5, 575, 115.0
R R	5, 440, 88.0
R ROV	14, 1205, 86.07
R/R	17, 1660, 97.65
R/ROV	5, 450, 90.0
RA RO	44, 3930, 89.32
RA/R	8, 420, 52.5
RAN	7, 460, 65.71
RD	5, 505, 101.0
REFG	45, 4710, 104.67
REIG	7, 565, 80.71
RENAU	77, 5675, 73.7
RENTA	5, 425, 85.0
RINO	7, 695, 99.29
RNG R	7, 585, 83.57
RO	6, 740, 123.33
RO/R	120, 10105, 84.21
ROAD	6, 610, 101.67
ROCK	6, 405, 67.5
ROCKP	6, 365, 60.83
ROLLS	324, 26410, 81.51
ROVER	62184, 4024960, 64.73
RTS	42, 2110, 50.24
RV	6, 620, 103.33
RW	8, 920, 115.0
RYDER	28, 3015, 107.68
S	8, 865, 108.13
SAA.	5, 250, 50.0
SAAB	11564, 728075, 62.96
SANYA	5, 420, 84.0
SATUN	17, 1190, 70.0
SATUR	22608, 1449015, 64.09
SCAN	8, 690, 86.25
SCI	5, 250, 50.0
SCIO	30, 1545, 51.5
SCION	5988, 413985, 69.14
SEABO	10, 560, 56.0
SEMI	43, 2795, 65.0
SETR	366, 18800, 51.37
SHIPC	11, 495, 45.0
SICON	6, 500, 83.33
SIER	5, 295, 59.0
SIMCA	27, 2295, 85.0
SKODA	27, 1820, 67.41
SMA	71, 3540, 49.86
SMAR	20, 1250, 62.5
SMART	15896, 987565, 62.13
SMITH	1405, 121195, 86.26
SMR	5, 250, 50.0
SMRT	18, 2145, 119.17
SOLEC	313, 19355, 61.84
SOMET	11, 915, 83.18
SP/TE	6, 300, 50.0
SPE	11, 1265, 115.0
SPECT	30, 1485, 49.5
SPR	7, 445, 63.57
SPRI	1432, 95430, 66.64
ST/A	45, 4050, 90.0
ST/AC	5, 250, 50.0
ST/AL	10, 565, 56.5
ST/CR	10, 500, 50.0
ST/Q	17, 1190, 70.0
ST/QU	7, 350, 50.0
STAK	6, 490, 81.67
STAR	789, 49270, 62.45
STARC	562, 29880, 53.17
STE	53, 3575, 67.45
STECO	6, 345, 57.5
STELL	5, 295, 59.0
STERL	8927, 763050, 85.48
STL	51, 3385, 66.37
STO	5, 325, 65.0
STOU	6, 420, 70.0
STOUG	11, 600, 54.55
STR	87, 5740, 65.98
STRG	6, 495, 82.5
STRI	81, 5000, 61.73
STRIC	181, 11590, 64.03
STRIL	11, 495, 45.0
STRL	6, 410, 68.33
STUDE	110, 7430, 67.55
SUARU	7, 490, 70.0
SUBAR	119567, 7359475, 61.55
SUKU	5, 255, 51.0
SUMMI	5, 245, 49.0
SUNBE	174, 11375, 65.37
SUNL	5, 305, 61.0
SUNLI	13, 1365, 105.0
SUPR	9, 805, 89.44
SUPRE	6, 365, 60.83
SUZUK	7822, 508430, 65.0
SWORK	11, 1265, 115.0
SYM	10, 535, 53.5
TA/TA	5, 345, 69.0
TEAMA	6, 620, 103.33
TELSA	7, 625, 89.29
TEMS	27, 2255, 83.52
TEMSA	19, 1425, 75.0
TES	87, 4415, 50.75
TESL	421, 26800, 63.66
TESLA	1086, 70470, 64.89
THERM	5, 295, 59.0
THEU	10, 540, 54.0
THEUR	162, 10495, 64.78
THO	51, 24460, 479.61
THOMA	1877, 336960, 179.52
THOMS	14, 700, 50.0
THOU	9, 635, 70.56
TI BR	7, 455, 65.0
TIT	6, 295, 49.17
TITAN	51, 2510, 49.22
TK	5, 410, 82.0
TLR	107, 5515, 51.54
TNTE	7, 475, 67.86
TODCO	7, 515, 73.57
TOMOS	5, 315, 63.0
TOYA	19, 1035, 54.47
TOYOT	1073311, 69425885, 64.68
TR/R	11, 550, 50.0
TR/T	22, 1140, 51.82
TR/TE	34, 1695, 49.85
TRA	32, 2755, 86.09
TRAC	54, 4355, 80.65
TRACK	8, 570, 71.25
TRACT	19, 1645, 86.58
TRAIL	2973, 177610, 59.74
TRALE	7, 455, 65.0
TRAN	43, 2005, 46.63
TRAO	6, 435, 72.5
TRIM	22, 1080, 49.09
TRITO	29, 2195, 75.69
TRIUM	609, 41335, 67.87
TRK	5, 505, 101.0
TRL	169, 12515, 74.05
TRLR	188, 10215, 54.34
TRUC	6, 285, 47.5
TRUCK	111, 10765, 96.98
TU/T	8, 640, 80.0
TURT	18, 1240, 68.89
U HAU	7, 500, 71.43
UCBC	7, 505, 72.14
UD	13541, 1217535, 89.91
UD/N	6, 590, 98.33
UHAUL	31, 2535, 81.77
ULTIM	5, 515, 103.0
UMC	5, 285, 57.0
UNIFL	356, 25560, 71.8
UNIV	366, 21600, 59.02
UNIVE	43, 3235, 75.23
UNK	32, 2250, 70.31
UNKNO	35, 1760, 50.29
UP	9, 905, 100.56
UPS	2699, 280935, 104.09
UPS T	9, 965, 107.22
UT	14, 1495, 106.79
UT/M	283, 19060, 67.35
UT/MA	9, 965, 107.22
UTI	82, 7085, 86.4
UTIC	5, 555, 111.0
UTIL	8151, 600725, 73.7
UTILI	2167, 176310, 81.36
UTILM	22, 2250, 102.27
UTILT	12, 1035, 86.25
UTL	11, 1035, 94.09
UTLIT	5, 505, 101.0
V/HO	9, 705, 78.33
VA HO	20, 3655, 182.75
VA/H	263, 21920, 83.35
VA/HO	104, 13565, 130.43
VAHO	15, 1585, 105.67
VAHOO	6, 580, 96.67
VAN	103, 19000, 184.47
VAN H	3066, 310955, 101.42
VANH	75, 16305, 217.4
VANHO	2904, 330210, 113.71
VD	15, 1575, 105.0
VES	7, 415, 59.29
VESP	12, 925, 77.08
VESPA	2606, 179935, 69.05
VHOOL	6, 1020, 170.0
VICTO	5, 250, 50.0
VIS	7, 455, 65.0
VK	6, 520, 86.67
VLKSW	7, 735, 105.0
VN	9, 855, 95.0
VN/H	89, 5055, 56.8
VOIKS	6, 750, 125.0
VOLKN	11, 715, 65.0
VOLKS	172545, 10895725, 63.15
VOLLK	7, 520, 74.29
VOLTS	5, 450, 90.0
VOLV	5, 435, 87.0
VOLVO	74047, 5059990, 68.33
VOVL	8, 485, 60.63
VPG	763, 41310, 54.14
VVOLK	11, 1265, 115.0
VW	7, 525, 75.0
W	9, 885, 98.33
W H	9, 980, 108.89
W HOR	13, 1495, 115.0
W/H	22, 2425, 110.23
W/H/G	11, 1265, 115.0
W/HO	9, 980, 108.89
WAB	94, 9115, 96.97
WABA	37, 3040, 82.16
WABAS	195, 15200, 77.95
WABSH	7, 730, 104.29
WANC	58, 3880, 66.9
WAS	7, 600, 85.71
WAYN	6, 260, 43.33
WAYNE	8, 380, 47.5
WCC	7, 380, 54.29
WE/S	14, 1130, 80.71
WE/ST	38, 2060, 54.21
WELLS	5, 270, 54.0
WES	21, 1635, 77.86
WEST	19, 1600, 84.21
WH	298, 32970, 110.64
WH/G	7, 630, 90.0
WH/GM	48, 5000, 104.17
WHITE	646, 54210, 83.92
WHOR	23, 2300, 100.0
WHORS	9, 1035, 115.0
WHT	9, 775, 86.11
WIN	9, 655, 72.78
WINN	56, 3385, 60.45
WINNE	42, 2520, 60.0
WK	16, 1720, 107.5
WK H	22, 2365, 107.5
WK HO	5, 575, 115.0
WK/H	31, 2050, 66.13
WKH	43, 4410, 102.56
WKHOR	7, 805, 115.0
WKHR	6, 620, 103.33
WKHRS	22, 2530, 115.0
WKHS	28, 3220, 115.0
WKHSE	6, 690, 115.0
WO	12, 1135, 94.58
WO CH	28, 3150, 112.5
WO HO	31, 3495, 112.74
WO/C	776, 66015, 85.07
WO/CH	185, 19735, 106.68
WO/H	277, 26145, 94.39
WO/HO	181, 18740, 103.54
WO/HR	5, 575, 115.0
WOCH	7, 805, 115.0
WOHO	14, 1405, 100.36
WOKH	12, 1325, 110.42
WOLKS	9, 805, 89.44
WOR	63, 5000, 79.37
WORH	24, 2425, 101.04
WORK	7908, 716855, 90.65
WORK/	5, 575, 115.0
WORKD	5, 575, 115.0
WORKH	41372, 4021110, 97.19
WORKI	8, 840, 105.0
WORKM	7, 805, 115.0
WORKS	27, 2460, 91.11
WORKV	21, 2305, 109.76
WORKW	5, 525, 105.0
WORTH	51, 5415, 106.18
WRHH	11, 1265, 115.0
WRK	38, 3275, 86.18
WRK H	50, 5750, 115.0
WRKHO	7, 805, 115.0
WRKHR	21, 2350, 111.9
WRKHS	15, 1725, 115.0
WS	5, 385, 77.0
WV	19, 2040, 107.37
XL	5, 240, 48.0
YALE	9, 650, 72.22
YAMAH	1377, 99600, 72.33
YANH	8, 590, 73.75
YUGO	8, 735, 91.88
YW	11, 830, 75.45
ZENIT	18, 1605, 89.17
ZIM	19, 1215, 63.95
