Type	Count, Total Dollars, Average
1	5, 295, 59.0
AC	12, 1300, 108.33
ACADE	17, 1760, 103.53
ACC	5, 560, 112.0
ACCO	5, 275, 55.0
ACUA	5, 475, 95.0
ACUR	6, 680, 113.33
ACURA	203496, 12806155, 62.93
ACUUR	5, 335, 67.0
ADD	34, 4165, 122.5
ADVAN	7, 480, 68.57
AERO	18, 1910, 106.11
AIRST	6, 500, 83.33
AJAX	139, 8430, 60.65
AJAY	10, 520, 52.0
AL/D	21, 2115, 100.71
AL/DE	5, 505, 101.0
AL/R	55, 3290, 59.82
ALERO	6, 425, 70.83
ALEXA	50, 4905, 98.1
ALEXD	13, 1235, 95.0
ALFAR	190, 12015, 63.24
ALLE	5, 285, 57.0
ALMAC	26, 1300, 50.0
AM/C	26, 2410, 92.69
AM/G	16, 1095, 68.44
AM/T	44, 2380, 54.09
AM/TR	51, 2705, 53.04
AMC	307, 18180, 59.22
AMTR	30, 1410, 47.0
AMTRA	16, 915, 57.19
ANCIA	331, 21255, 64.21
ANKA	35, 3475, 99.29
APP	10, 980, 98.0
APPOR	5, 575, 115.0
APPT	5, 575, 115.0
APRIL	107, 6190, 57.85
ARGOS	5, 345, 69.0
AS/M	183, 12390, 67.7
ASTO	6, 380, 63.33
AUDI	131070, 8286905, 63.23
AURA	8, 655, 81.88
AUSTI	223, 15770, 70.72
AUTOC	273, 22515, 82.47
AZ	5, 425, 85.0
B	8, 550, 68.75
BALAN	9, 980, 108.89
BAY C	5, 365, 73.0
BB	6, 480, 80.0
BEN	22, 1245, 56.59
BENEL	5, 315, 63.0
BENSO	49, 2385, 48.67
BENTL	1772, 128725, 72.64
BER	5, 475, 95.0
BERI	55, 4255, 77.36
BERIN	21, 1300, 61.9
BERTO	388, 25630, 66.06
BIKE	9, 980, 108.89
BL/B	465, 25865, 55.62
BL/BD	10, 580, 58.0
BL/BI	323, 17155, 53.11
BL/BL	10, 750, 75.0
BLBR	12, 590, 49.17
BLK	5, 675, 135.0
BLUE	132, 9000, 68.18
BLUEB	78, 4840, 62.05
BME	6, 340, 56.67
BMW	368494, 23358975, 63.39
BMW.	23, 1145, 49.78
BOX	23, 2275, 98.91
BRIC	21, 1105, 52.62
BRIDG	132, 8540, 64.7
BRINK	9, 1035, 115.0
BROWN	15, 1365, 91.0
BRW	5, 525, 105.0
BSA	38, 2400, 63.16
BUCK	12, 1110, 92.5
BUD	7, 600, 85.71
BUDC	10, 1085, 108.5
BUDD	8, 430, 53.75
BUDDY	10, 715, 71.5
BUELL	15, 1065, 71.0
BUICH	8, 540, 67.5
BUICK	44450, 2804820, 63.1
BUIK	9, 830, 92.22
BUS	47, 4125, 87.77
BUX	5, 575, 115.0
BYD	5, 430, 86.0
CA/AM	26, 1365, 52.5
CA/RO	5, 395, 79.0
CADA	7, 395, 56.43
CADEL	5, 480, 96.0
CADII	6, 455, 75.83
CADIL	95186, 6512235, 68.42
CAILL	5, 415, 83.0
CAMR	5, 245, 49.0
CANAM	7, 365, 52.14
CAPIT	6, 260, 43.33
CARGO	77, 3330, 43.25
CARMA	5, 260, 52.0
CARRY	7, 345, 49.29
CASE	27, 1745, 64.63
CAT	38, 3240, 85.26
CAYEN	8, 705, 88.13
CDAIL	6, 465, 77.5
CH	9, 1150, 127.78
CHA	7, 385, 55.0
CHAM	6, 390, 65.0
CHASS	5, 300, 60.0
CHAT	5, 215, 43.0
CHECK	1550, 102190, 65.93
CHEET	30, 1575, 52.5
CHER	116, 9315, 80.3
CHEVR	835051, 54851905, 65.69
CHEY	9, 600, 66.67
CHEYS	15, 1180, 78.67
CHREY	5, 310, 62.0
CHRY	11, 820, 74.55
CHRYS	193202, 12462470, 64.5
CHT	7, 740, 105.71
CHTH	15, 790, 52.67
CHV	17, 850, 50.0
CHY	46, 4060, 88.26
CHYR	20, 1765, 88.25
CHYRY	6, 345, 57.5
CHYST	5, 455, 91.0
CIMC	126, 7070, 56.11
CIML	5, 365, 73.0
CITRO	121, 8040, 66.45
COA	8, 480, 60.0
COAC	17, 960, 56.47
COACH	28, 2705, 96.61
COLEM	7, 340, 48.57
COLL	66, 3925, 59.47
COLLI	132, 6905, 52.31
COM	11, 985, 89.55
COMM	8, 855, 106.88
CONTA	6, 270, 45.0
CONV	11, 980, 89.09
COPE	19, 950, 50.0
CORB	19, 990, 52.11
CORBE	45, 2250, 50.0
COT	11, 740, 67.27
COTTR	14, 740, 52.86
COURI	5, 625, 125.0
CRYLS	6, 620, 103.33
CRYST	14, 1420, 101.43
CUST	40, 1570, 39.25
CVGC	5, 520, 104.0
DAEWO	430, 29090, 67.65
DATSU	151, 9265, 61.36
DDOG	6, 375, 62.5
DEL	6, 690, 115.0
DELIV	12, 1380, 115.0
DELOR	29, 2240, 77.24
DELV	55, 5820, 105.82
DEMA	31, 3125, 100.81
DIAHA	26, 1945, 74.81
DIAMO	389, 29140, 74.91
DODGE	383300, 26124585, 68.16
DOG	6, 300, 50.0
DONGF	10, 555, 55.5
DOR	8, 745, 93.13
DORS	13, 750, 57.69
DORSE	575, 41180, 71.62
DUC	15, 880, 58.67
DUCA	19, 1475, 77.63
DUCAT	1650, 115120, 69.77
DUNBA	10, 1100, 110.0
EAMC	7, 460, 65.71
EAS	35, 1965, 56.14
EAST	493, 25925, 52.59
ELD	18, 1005, 55.83
ELDE	7, 560, 80.0
ELDO	65, 4105, 63.15
ELKH	9, 535, 59.44
ELKHA	5, 260, 52.0
ENFIE	6, 430, 71.67
EVERE	7, 525, 75.0
EVOBU	8, 400, 50.0
EZL	18, 1155, 64.17
F	6, 635, 105.83
F L	6, 640, 106.67
F LIN	8, 870, 108.75
F/L	158, 15415, 97.56
F/V	11, 1265, 115.0
FARB	6, 590, 98.33
FARBE	7, 610, 87.14
FC	5, 525, 105.0
FED E	10, 1015, 101.5
FEDE	37, 3260, 88.11
FEDEX	90, 10085, 112.06
FEIG	10, 1025, 102.5
FEIGH	15, 1625, 108.33
FERIG	62, 6685, 107.82
FERRA	1683, 141350, 83.99
FG	5, 555, 111.0
FGHT	9, 965, 107.22
FGT	16, 1725, 107.81
FGTLN	7, 805, 115.0
FHR	5, 575, 115.0
FHRT	18, 1745, 96.94
FHT	5, 510, 102.0
FHTC	7, 805, 115.0
FHTL	543, 54560, 100.48
FI	19, 1685, 88.68
FI/LI	9, 1035, 115.0
FIAT	12911, 835405, 64.7
FIBE	13, 585, 45.0
FISK	37, 2455, 66.35
FISKE	27, 1940, 71.85
FL	178, 15850, 89.04
FL/LI	6, 635, 105.83
FL/LR	10, 970, 97.0
FLEE	14, 920, 65.71
FLI	8, 660, 82.5
FLIN	24, 1790, 74.58
FLINE	16, 1495, 93.44
FLORE	12, 720, 60.0
FO/W	7, 485, 69.29
FOD	25, 1585, 63.4
FON	14, 845, 60.36
FONA	16, 870, 54.38
FONT	9, 560, 62.22
FONTA	2261, 164145, 72.6
FORD	1433121, 96299920, 67.2
FORS	14, 930, 66.43
FR	127, 13130, 103.39
FR HT	8, 920, 115.0
FR LI	147, 15845, 107.79
FR LN	30, 3330, 111.0
FR LT	8, 920, 115.0
FR/L	405, 37430, 92.42
FR/LI	1172, 119825, 102.24
FR/LN	57, 6080, 106.67
FR/LR	8, 850, 106.25
FR/LT	36, 3890, 108.06
FRD	308, 27675, 89.85
FRE/L	5, 500, 100.0
FREG	223, 24450, 109.64
FREGH	71, 7765, 109.37
FREGI	12, 1120, 93.33
FREGT	5, 505, 101.0
FREHT	11, 1265, 115.0
FREI	624, 65785, 105.42
FREID	6, 560, 93.33
FREIF	5, 575, 115.0
FREIG	12, 1380, 115.0
FREIH	27, 2980, 110.37
FREIL	6, 550, 91.67
FREIN	5, 505, 101.0
FREIS	6, 580, 96.67
FREIT	23, 2105, 91.52
FRET	14, 1540, 110.0
FREUG	6, 640, 106.67
FRG	74, 7630, 103.11
FRGH	325, 33245, 102.29
FRGHT	255, 27385, 107.39
FRGT	29, 3205, 110.52
FRH	265, 15265, 57.6
FRI	47, 4930, 104.89
FRI/L	6, 585, 97.5
FRIDG	7, 695, 99.29
FRIE	485, 43660, 90.02
FRIEG	303, 30555, 100.84
FRIEI	8, 665, 83.13
FRIG	165, 16300, 98.79
FRIGH	178, 18650, 104.78
FRIL	7, 805, 115.0
FRL	37, 3705, 100.14
FRLI	72, 8005, 111.18
FRLIN	10, 1100, 110.0
FRLN	234, 26665, 113.95
FRLNR	7, 665, 95.0
FRLR	5, 525, 105.0
FRLT	11, 960, 87.27
FROD	11, 1120, 101.82
FRT	274, 22920, 83.65
FRT L	10, 980, 98.0
FRTL	147, 12380, 84.22
FRTLI	24, 2265, 94.38
FRTLR	11, 1250, 113.64
FRUEH	396599, 37030655, 93.37
FT	15, 1570, 104.67
FT LI	31, 3510, 113.23
FT LN	7, 755, 107.86
FT/L	33, 3065, 92.88
FT/LI	216, 23835, 110.35
FT/LN	31, 3510, 113.23
FT/LR	7, 805, 115.0
FTL	13, 1165, 89.62
FTLI	13, 1495, 115.0
FTLIN	6, 640, 106.67
FTLN	7, 755, 107.86
FTLNR	14, 1510, 107.86
FTLR	8, 805, 100.63
FUSO	519, 53865, 103.79
G	7, 805, 115.0
G D	33, 1645, 49.85
G DAN	94, 10270, 109.26
G/D	7, 805, 115.0
GA	7, 735, 105.0
GARDA	12, 1380, 115.0
GARDE	12, 680, 56.67
GD	81, 7240, 89.38
GDAVE	15, 1605, 107.0
GDN	5, 380, 76.0
GE/C	26, 2760, 106.15
GE/CO	9, 970, 107.78
GE/M	18, 1390, 77.22
GEM	8, 595, 74.38
GEN	8, 695, 86.88
GENES	34, 2595, 76.32
GENUI	28, 1845, 65.89
GEO	2081, 143675, 69.04
GIDNY	577, 46615, 80.79
GIL	35, 3745, 107.0
GILL	229, 24875, 108.62
GILLI	42, 3915, 93.21
GLA	10, 1570, 157.0
GLAS	7, 355, 50.71
GLAV	14, 900, 64.29
GLAVL	5, 250, 50.0
GLBEN	11, 550, 50.0
GLLG	7, 390, 55.71
GMC	320862, 23337805, 72.73
GMC.	5, 250, 50.0
GN	9, 1015, 112.78
GNC	61, 5115, 83.85
GOLD	25, 1335, 53.4
GOV	62, 6500, 104.84
GRAET	6, 620, 103.33
GRAND	13, 1430, 110.0
GRANT	6, 620, 103.33
GRAY	8, 725, 90.63
GRD	20, 1530, 76.5
GRDN	5, 265, 53.0
GRE	109, 8210, 75.32
GREAT	1671, 129820, 77.69
GREG	5, 575, 115.0
GREIC	8, 920, 115.0
GREIG	75, 8575, 114.33
GREY	11, 985, 89.55
GRN	5, 575, 115.0
GROVE	7, 490, 70.0
GRT	7, 540, 77.14
GRT D	7, 685, 97.86
GRU	10, 1150, 115.0
GRUEH	121, 9885, 81.69
GRUM	18, 2070, 115.0
GRUMM	457, 39480, 86.39
GRY	6, 620, 103.33
GSB	9, 1035, 115.0
GSC	22, 1085, 49.32
GSCR	30, 1745, 58.17
GV	12, 1155, 96.25
GW	17, 1605, 94.41
H	8, 850, 106.25
H D	15, 800, 53.33
H/D	15, 1225, 81.67
HACK	15, 1530, 102.0
HACKN	18, 1695, 94.17
HARLE	4092, 266560, 65.14
HAULM	7, 335, 47.86
HEI	9, 450, 50.0
HEIL	36, 1800, 50.0
HELI	5, 355, 71.0
HENO	13, 1150, 88.46
HERC	10, 450, 45.0
HERCU	29, 1560, 53.79
HIGHW	142, 12105, 85.25
HIN	755, 44505, 58.95
HIND	32, 2410, 75.31
HINDO	10, 1025, 102.5
HINI	18, 1320, 73.33
HINIO	6, 445, 74.17
HINO	92500, 8313295, 89.87
HINOD	16, 1655, 103.44
HINOF	5, 375, 75.0
HINOP	5, 575, 115.0
HIUND	6, 570, 95.0
HNO	15, 1265, 84.33
HODN	19, 1135, 59.74
HOME	5, 460, 92.0
HOMEM	10, 615, 61.5
HOMES	5, 245, 49.0
HONA	5, 295, 59.0
HONDA	1063099, 67211380, 63.22
HONE	8, 490, 61.25
HONLI	5, 575, 115.0
HORT	5, 345, 69.0
HUD	6, 620, 103.33
HUDI	7, 555, 79.29
HUMBE	470, 32120, 68.34
HUMME	4887, 309080, 63.25
HUN	10, 930, 93.0
HURI	12, 800, 66.67
HUT	5, 575, 115.0
HUYN	9, 1000, 111.11
HUYUN	7, 580, 82.86
HY TR	6, 270, 45.0
HYDI	16, 1695, 105.94
HYNU	9, 550, 61.11
HYOSU	13, 790, 60.77
HYTR	66, 4605, 69.77
HYUAN	5, 370, 74.0
HYUMD	5, 435, 87.0
HYUN	10, 820, 82.0
HYUND	272643, 17159630, 62.94
I	11, 1130, 102.73
IC	1907, 113180, 59.35
ICCO	7, 330, 47.14
IFIN	9, 595, 66.11
IFINI	7, 665, 95.0
IINFI	5, 385, 77.0
IL	12, 1170, 97.5
INDIA	19, 1195, 62.89
INET	16, 1495, 93.44
INETR	9, 965, 107.22
INFI	10, 910, 91.0
INFII	6, 500, 83.33
INFIN	166321, 10350890, 62.23
INFIT	23, 2360, 102.61
INFNI	14, 1170, 83.57
INFT	5, 400, 80.0
INI	5, 505, 101.0
INIF	23, 1615, 70.22
INIFI	46, 3530, 76.74
INT L	5, 525, 105.0
INTE	9, 915, 101.67
INTEL	76, 7000, 92.11
INTEN	19, 1660, 87.37
INTER	302285, 27787185, 91.92
INTI	28, 2915, 104.11
INTIL	70, 5575, 79.64
INTIN	30, 2580, 86.0
INTN	11, 1125, 102.27
INTO	5, 575, 115.0
INTR	99, 9235, 93.28
INTZ	17, 1840, 108.24
IS	7, 640, 91.43
ISUUZ	7, 805, 115.0
ISUZU	126316, 11011845, 87.18
ISZ	8, 475, 59.38
ITALI	8, 400, 50.0
ITAS	12, 825, 68.75
ITNE	5, 415, 83.0
ITNL	6, 425, 70.83
IZ	17, 1800, 105.88
J J	13, 695, 53.46
JAGUA	16698, 1071095, 64.15
JAYC	10, 565, 56.5
JAYCO	5, 325, 65.0
JEEP	307057, 19251415, 62.7
JENSE	334, 21955, 65.73
JINDO	16, 760, 47.5
JINO	53, 4500, 84.91
JIS	6, 390, 65.0
JMH	12, 645, 53.75
JO/DE	10, 500, 50.0
JOHNS	8, 400, 50.0
JONWA	11, 640, 58.18
K	8, 700, 87.5
K W	44, 2200, 50.0
K.W	8, 920, 115.0
K/W	18, 1800, 100.0
KA	5, 435, 87.0
KAUFM	14, 770, 55.0
KAWAS	4716, 350830, 74.39
KEMWO	10, 1100, 110.0
KEN W	32, 2880, 90.0
KENC	6, 620, 103.33
KENCO	11, 545, 49.55
KENI	47, 4155, 88.4
KENIL	19, 1810, 95.26
KENMO	34, 3675, 108.09
KENNO	11, 1265, 115.0
KENO	24, 2610, 108.75
KENOW	18, 2020, 112.22
KENS	22, 2110, 95.91
KENSW	29, 2280, 78.62
KENT	16, 1280, 80.0
KENTU	366, 27040, 73.88
KENTW	7, 590, 84.29
KENW	275, 29225, 106.27
KENWO	38789, 3675995, 94.77
KENWT	5, 425, 85.0
KEW	16, 1840, 115.0
KEWO	12, 1250, 104.17
KI/M	67, 4780, 71.34
KI/MO	37, 1900, 51.35
KIA	99028, 6324345, 63.86
KIA M	9, 450, 50.0
KIA.	7, 350, 50.0
KID	21, 1375, 65.48
KIDRO	15, 1395, 93.0
KIIA	6, 390, 65.0
KINO	7, 755, 107.86
KN	28, 3030, 108.21
KRY	5, 250, 50.0
KRYS	67, 5380, 80.3
KRYST	7, 585, 83.57
KTM	40, 2175, 54.38
KW	1982, 208680, 105.29
KYMCO	99, 6050, 61.11
L R	136, 6995, 51.43
L/R	15, 1670, 111.33
LA	8, 480, 60.0
LA RO	344, 29260, 85.06
LA/RD	28, 2455, 87.68
LADA	25, 1640, 65.6
LAIRO	7, 735, 105.0
LAMBO	160, 12120, 75.75
LAMO	7, 480, 68.57
LAN R	9, 775, 86.11
LAN/R	5, 575, 115.0
LANDO	8, 530, 66.25
LAR	8, 400, 50.0
LAROV	5, 400, 80.0
LBT	9, 645, 71.67
LDV	5, 430, 86.0
LEIS	6, 390, 65.0
LEUXS	10, 985, 98.5
LEXUS	246986, 15158845, 61.38
LICN	8, 475, 59.38
LIEBH	17, 1070, 62.94
LIMO	6, 550, 91.67
LINCO	137518, 9777215, 71.1
LINO	11, 1065, 96.82
LND	480, 24195, 50.41
LO/RO	10, 935, 93.5
LOADR	5, 245, 49.0
LODC	26, 1460, 56.15
LOTUS	196, 13475, 68.75
LX	9, 795, 88.33
M	12, 1080, 90.0
M B	494, 24700, 50.0
M-B	63, 3150, 50.0
MA	5, 400, 80.0
MAC T	9, 630, 70.0
MACH	6, 690, 115.0
MACK	29477, 2697070, 91.5
MAERS	17, 815, 47.94
MAGEL	9, 425, 47.22
MAGIR	57, 4505, 79.04
MANA	11, 565, 51.36
MANAC	12, 640, 53.33
MARC	7, 680, 97.14
MARCU	5, 475, 95.0
MAROO	8, 660, 82.5
MART	5, 385, 77.0
MARTR	9, 495, 55.0
MAS	93, 5115, 55.0
MASE	24, 1310, 54.58
MASSA	4782, 305250, 63.83
MASTE	7, 415, 59.29
MAXON	21, 2145, 102.14
MAYB	32, 2995, 93.59
MAYBA	54, 4075, 75.46
MAZDA	114042, 7275765, 63.8
MAZER	10, 1080, 108.0
MBSP	15, 1205, 80.33
MCA	5, 555, 111.0
MCI	4223, 405245, 95.96
MCL	5, 440, 88.0
MCLA	34, 2555, 75.15
MCLAR	8, 735, 91.88
MCY	29, 2610, 90.0
MD	7, 805, 115.0
ME	44, 3955, 89.89
ME/BE	387752, 25146480, 64.85
ME/BN	5, 475, 95.0
MEI	7, 755, 107.86
MER	781, 45380, 58.1
MERCU	91198, 7379410, 80.92
MERE	9, 890, 98.89
METRO	27, 1560, 57.78
METZ	33, 1715, 51.97
MG	202, 13060, 64.65
MHS	6, 430, 71.67
MI	10, 1100, 110.0
MI FU	64, 5635, 88.05
MI/F	8667, 737090, 85.05
MI/FI	5, 575, 115.0
MI/FL	6, 515, 85.83
MI/FO	5, 415, 83.0
MI/FV	7, 640, 91.43
MIC	23, 2125, 92.39
MICK	46, 5160, 112.17
MICKE	152, 16390, 107.83
MICR	6, 265, 44.17
MICRO	8, 400, 50.0
MIDA	6, 420, 70.0
MILFU	5, 505, 101.0
MIM	5, 315, 63.0
MIN C	5, 245, 49.0
MINC	40, 2000, 50.0
MINI	25195, 1613090, 64.02
MINIC	71, 6605, 93.03
MINO	9, 985, 109.44
MIST	9, 570, 63.33
MITSU	129806, 9808440, 75.56
MO/GU	12, 665, 55.42
MO/O	5, 415, 83.0
MO/V	15, 1255, 83.67
MO/VE	6, 300, 50.0
MON	6, 490, 81.67
MONN	7, 320, 45.71
MONO	14, 930, 66.43
MONON	5, 295, 59.0
MORGA	119, 9925, 83.4
MOTO	16, 970, 60.63
MOTOG	30, 1960, 65.33
MOTOR	41, 3130, 76.34
MRTZ	6, 270, 45.0
MS	9, 845, 93.89
MSA	5, 505, 101.0
MSC	6, 330, 55.0
MURC	7, 665, 95.0
MVI	8, 465, 58.13
N/A	22, 1710, 77.73
N/S	273, 20415, 74.78
NA	18, 945, 52.5
NAVI	45, 5110, 113.56
NAVIS	2331, 190050, 81.53
NDMC	8, 685, 85.63
NE/F	5, 405, 81.0
NE/FL	96, 4795, 49.95
NEMF	6, 670, 111.67
NEON	9, 625, 69.44
NEW	7, 485, 69.29
NEWF	14, 1220, 87.14
NEWFL	30, 1500, 50.0
NIA	5, 305, 61.0
NIDD	6, 555, 92.5
NIIS	7, 405, 57.86
NINGB	6, 270, 45.0
NINO	5, 525, 105.0
NISN	5, 250, 50.0
NISSA	874650, 55495755, 63.45
NITE	17, 1300, 76.47
NO/BU	26, 1300, 50.0
NORTH	8, 815, 101.88
NS	37, 3345, 90.41
NS/OT	137886, 10745685, 77.93
NWF	5, 505, 101.0
NYUND	5, 380, 76.0
OLD M	7, 835, 119.29
OLDM	8, 565, 70.63
OLDMO	22, 1900, 86.36
OLDSM	8751, 562145, 64.24
OMNIB	8, 3250, 406.25
OMR	6, 620, 103.33
OPEL	18, 1365, 75.83
ORIO	78, 4440, 56.92
ORION	375, 19040, 50.77
ORKH	5, 345, 69.0
OSHIK	9, 815, 90.56
OSHKO	52, 2815, 54.13
OTHER	25, 1895, 75.8
OTHR	39, 0, 0.0
P/B	24, 2560, 106.67
PACIF	5, 365, 73.0
PB	59, 5805, 98.39
PBILT	5, 575, 115.0
PEDIC	25, 2645, 105.8
PEOPL	7, 630, 90.0
PET	249, 15660, 62.89
PETE	61, 6340, 103.93
PETER	35139, 3337520, 94.98
PEUGE	108, 8750, 81.02
PGO	11, 595, 54.09
PIA	11, 645, 58.64
PIAG	15, 1125, 75.0
PIAGG	366, 23460, 64.1
PIAGI	5, 340, 68.0
PICK	12, 890, 74.17
PINE	7, 480, 68.57
PL/W	5, 200, 40.0
PLYMD	7, 625, 89.29
PLYMO	7245, 469740, 64.84
POIN	8, 790, 98.75
POINT	13, 980, 75.38
POLAR	6, 480, 80.0
PONIA	7, 575, 82.14
PONTA	21, 1725, 82.14
PONTI	28763, 1883805, 65.49
PORSC	24573, 1580955, 64.34
PORSL	5, 555, 111.0
PORSO	6, 570, 95.0
PORTI	8, 650, 81.25
POTIA	10, 860, 86.0
PRATT	62, 3000, 48.39
PRE	34, 2485, 73.09
PREO	16, 1095, 68.44
PREV	443, 41000, 92.55
PREVO	1703, 149135, 87.57
PRINC	10, 500, 50.0
PROV	12, 1880, 156.67
PROVO	19, 2320, 122.11
PSD	6, 690, 115.0
PTB	19, 1095, 57.63
PTR	17, 1205, 70.88
PTRB	46, 3740, 81.3
PTRBL	9, 935, 103.89
PUCH	6, 315, 52.5
R	5, 520, 104.0
R R	5, 290, 58.0
R ROV	10, 780, 78.0
R/R	19, 1795, 94.47
RA RO	12, 1105, 92.08
RA/R	22, 1445, 65.68
RAN	7, 690, 98.57
RAN/R	6, 635, 105.83
RD	11, 1005, 91.36
RED	8, 750, 93.75
REFG	64, 6400, 100.0
REIT	6, 375, 62.5
RENAU	95, 7085, 74.58
RINGO	9, 445, 49.44
RINO	10, 795, 79.5
RO/R	229, 17305, 75.57
ROAD	7, 255, 36.43
ROCK	14, 1125, 80.36
ROGER	13, 860, 66.15
ROLDA	9, 675, 75.0
ROLLS	422, 34400, 81.52
RONGE	7, 630, 90.0
ROVER	67799, 4342600, 64.05
RTS	101, 5070, 50.2
RYDER	29, 2445, 84.31
S	10, 1080, 108.0
SAA.	10, 500, 50.0
SAAB	13957, 879745, 63.03
SANYA	5, 305, 61.0
SATUN	13, 1140, 87.69
SATUR	27012, 1725305, 63.87
SCAN	12, 950, 79.17
SCANI	5, 390, 78.0
SCI	11, 595, 54.09
SCIO	46, 2570, 55.87
SCION	6847, 473530, 69.16
SEABO	9, 425, 47.22
SEALI	9, 585, 65.0
SEMI	74, 3905, 52.77
SET	6, 540, 90.0
SETA	5, 455, 91.0
SETR	219, 14335, 65.46
SHENK	13, 960, 73.85
SHORE	7, 460, 65.71
SIBAR	5, 435, 87.0
SIER	12, 1015, 84.58
SIMCA	38, 2740, 72.11
SINGA	8, 470, 58.75
SKODA	26, 2000, 76.92
SLING	13, 715, 55.0
SMA	71, 3550, 50.0
SMAR	12, 670, 55.83
SMART	15836, 981825, 62.0
SMITH	1798, 157360, 87.52
SMR	7, 350, 50.0
SMRT	35, 2040, 58.29
SOLBC	6, 360, 60.0
SOLE	5, 285, 57.0
SOLEA	5, 315, 63.0
SOLEC	309, 18885, 61.12
SOMET	13, 1075, 82.69
SOUTH	6, 465, 77.5
SP/TE	10, 500, 50.0
SPAR	5, 575, 115.0
SPECT	29, 1525, 52.59
SPINT	6, 495, 82.5
SPNR	9, 450, 50.0
SPR	8, 595, 74.38
SPRI	1895, 125085, 66.01
ST/A	35, 3205, 91.57
ST/AC	9, 465, 51.67
ST/AL	23, 1215, 52.83
ST/C	7, 655, 93.57
ST/CR	17, 850, 50.0
ST/Q	18, 1265, 70.28
ST/QU	9, 450, 50.0
STAR	1079, 67860, 62.89
STARC	825, 44355, 53.76
STAUR	6, 320, 53.33
STE	68, 4890, 71.91
STELL	10, 640, 64.0
STERL	11919, 997795, 83.71
STERN	6, 550, 91.67
STL	31, 2045, 65.97
STOU	17, 900, 52.94
STOUG	18, 1295, 71.94
STR	112, 5965, 53.26
STRA	9, 1015, 112.78
STRAC	11, 680, 61.82
STRE	13, 825, 63.46
STRG	10, 895, 89.5
STRI	68, 3615, 53.16
STRIC	262, 16695, 63.72
STRIK	11, 515, 46.82
STRL	16, 965, 60.31
STUDE	127, 7990, 62.91
SUBA	5, 415, 83.0
SUBAR	132640, 8170730, 61.6
SUBS	5, 275, 55.0
SUMMI	11, 545, 49.55
SUNBE	218, 14565, 66.81
SUNL	11, 845, 76.82
SUP	6, 1230, 205.0
SUPR	16, 1510, 94.38
SUPRE	5, 315, 63.0
SUZUK	11134, 720350, 64.7
SYM	20, 1225, 61.25
SYSCO	6, 620, 103.33
TA/TA	38, 1965, 51.71
TADAN	7, 415, 59.29
TAL	8, 395, 49.38
TAOTA	17, 1020, 60.0
TCNU	5, 455, 91.0
TEAMA	8, 970, 121.25
TELSA	5, 560, 112.0
TEMS	66, 6205, 94.02
TEMSA	25, 2040, 81.6
TES	102, 5210, 51.08
TESL	507, 34205, 67.47
TESLA	1041, 64335, 61.8
TEX	29, 1765, 60.86
THD	5, 265, 53.0
THE	9, 530, 58.89
THEA	5, 215, 43.0
THEO	5, 295, 59.0
THEU	29, 1520, 52.41
THEUR	216, 13465, 62.34
THO	5, 425, 85.0
THOMA	1887, 126205, 66.88
THOMS	23, 1150, 50.0
TI BR	5, 295, 59.0
TI-BR	5, 225, 45.0
TIBRO	8, 430, 53.75
TIT	10, 500, 50.0
TITA	5, 310, 62.0
TITAN	54, 2745, 50.83
TLR	99, 5455, 55.1
TN	6, 410, 68.33
TNTE	6, 240, 40.0
TODCO	12, 1070, 89.17
TOMOS	19, 1415, 74.47
TOTO	6, 520, 86.67
TOYA	11, 565, 51.36
TOYOT	1181274, 75608800, 64.01
TR/KI	5, 250, 50.0
TR/LI	7, 735, 105.0
TR/R	6, 290, 48.33
TR/T	15, 1075, 71.67
TR/TE	39, 2060, 52.82
TR/TL	5, 225, 45.0
TRA	38, 2605, 68.55
TRAC	53, 4430, 83.58
TRACT	23, 1930, 83.91
TRAI	11, 570, 51.82
TRAIL	3556, 205850, 57.89
TRAN	37, 1890, 51.08
TRIM	13, 680, 52.31
TRITO	41, 2570, 62.68
TRIUM	2105, 140145, 66.58
TRK	6, 690, 115.0
TRL	193, 15005, 77.75
TRLK	12, 720, 60.0
TRLR	267, 15245, 57.1
TRTL	11, 495, 45.0
TRUC	5, 285, 57.0
TRUCK	108, 9670, 89.54
TRUM	7, 430, 61.43
TU/T	16, 1390, 86.88
TURT	15, 1205, 80.33
TURTL	10, 515, 51.5
U HAU	6, 360, 60.0
UB	12, 1260, 105.0
UD	17195, 1526745, 88.79
UD/N	6, 425, 70.83
UH	6, 920, 153.33
UHAL	5, 295, 59.0
UHAUL	33, 2320, 70.3
ULTR	5, 405, 81.0
UMC	11, 765, 69.55
UNCB	17, 815, 47.94
UNH	5, 225, 45.0
UNIFL	439, 33070, 75.33
UNIV	368, 22365, 60.77
UNIVE	37, 2605, 70.41
UNK	48, 3860, 80.42
UNKN	5, 250, 50.0
UNKNO	50, 2465, 49.3
UP	10, 1020, 102.0
UPS	2924, 298640, 102.13
UPS T	5, 575, 115.0
US	9, 980, 108.89
UT	14, 1485, 106.07
UT/M	508, 30555, 60.15
UT/MA	25, 2470, 98.8
UTI	100, 8960, 89.6
UTICA	6, 690, 115.0
UTIL	11181, 827210, 73.98
UTILI	920, 78570, 85.4
UTILM	9, 1035, 115.0
UTILT	9, 825, 91.67
UTILY	6, 585, 97.5
UTIM	11, 1185, 107.73
UTL	12, 1065, 88.75
UTLIT	7, 735, 105.0
UTM	8, 530, 66.25
UW	8, 795, 99.38
V HOO	5, 2575, 515.0
V-W	7, 350, 50.0
VA HO	11, 1575, 143.18
VA/H	407, 27770, 68.23
VA/HO	109, 9935, 91.15
VAHO	28, 3550, 126.79
VAHOO	6, 690, 115.0
VALHO	10, 940, 94.0
VAN	144, 18010, 125.07
VAN H	3546, 297165, 83.8
VANCO	12, 855, 71.25
VANGU	6, 345, 57.5
VANH	114, 23020, 201.93
VANHO	3362, 310815, 92.45
VD	10, 1080, 108.0
VES	12, 725, 60.42
VESP	55, 4215, 76.64
VESPA	7149, 493185, 68.99
VH	7, 1840, 262.86
VHOOL	6, 1440, 240.0
VICTO	41, 2325, 56.71
VKS	5, 445, 89.0
VN	7, 560, 80.0
VN/H	70, 3360, 48.0
VNHL	7, 1605, 229.29
VO/HO	8, 780, 97.5
VOIKS	25, 2215, 88.6
VOK	8, 695, 86.88
VOLK	7, 715, 102.14
VOLKS	197371, 12432380, 62.99
VOLTS	6, 490, 81.67
VOLTZ	7, 420, 60.0
VOLV	7, 515, 73.57
VOLVO	84457, 5740365, 67.97
VOLZW	11, 565, 51.36
VOVL	6, 540, 90.0
VPG	1014, 53955, 53.21
VULCA	5, 385, 77.0
VW	9, 710, 78.89
W	10, 915, 91.5
W HOR	6, 635, 105.83
W/H	33, 3475, 105.3
W/HO	5, 575, 115.0
W/S	7, 615, 87.86
WAB	91, 8315, 91.37
WABA	38, 2825, 74.34
WABAS	256, 18200, 71.09
WANC	91, 6980, 76.7
WAYN	15, 625, 41.67
WCC	8, 530, 66.25
WE/S	10, 910, 91.0
WE/ST	51, 2885, 56.57
WELLS	5, 275, 55.0
WES	21, 1295, 61.67
WEST	20, 1365, 68.25
WH	341, 37135, 108.9
WH/G	15, 1425, 95.0
WH/GM	24, 2045, 85.21
WHCC	5, 360, 72.0
WHITE	785, 65965, 84.03
WHOR	31, 3165, 102.1
WHT	9, 910, 101.11
WIN	5, 250, 50.0
WINN	73, 4015, 55.0
WINNE	29, 2065, 71.21
WINNI	6, 370, 61.67
WK	17, 1715, 100.88
WK H	21, 2275, 108.33
WK HR	6, 670, 111.67
WK/H	108, 8575, 79.4
WK/HS	6, 690, 115.0
WKH	40, 3680, 92.0
WKHOR	9, 1035, 115.0
WKHR	5, 520, 104.0
WKHRS	24, 2560, 106.67
WKHS	51, 5865, 115.0
WO	7, 735, 105.0
WO CH	29, 3265, 112.59
WO HO	41, 4565, 111.34
WO/C	1176, 101200, 86.05
WO/CH	226, 23400, 103.54
WO/H	439, 42820, 97.54
WO/HO	204, 21960, 107.65
WO/HS	8, 785, 98.13
WOCH	5, 505, 101.0
WOHO	12, 1380, 115.0
WOKH	26, 2790, 107.31
WOLCH	7, 805, 115.0
WOLKS	5, 370, 74.0
WOR	89, 7115, 79.94
WOR H	6, 635, 105.83
WORH	48, 4380, 91.25
WORK	12128, 1079535, 89.01
WORKE	6, 690, 115.0
WORKH	45360, 4387330, 96.72
WORKI	5, 525, 105.0
WORKM	5, 510, 102.0
WORKS	21, 1955, 93.1
WORKV	14, 1540, 110.0
WORTH	76, 8325, 109.54
WRK	38, 3520, 92.63
WRK H	52, 5980, 115.0
WRKHO	20, 2300, 115.0
WRKHR	27, 3105, 115.0
WRKHS	22, 2530, 115.0
WV	47, 4700, 100.0
WW	12, 1355, 112.92
X	5, 315, 63.0
XL	5, 250, 50.0
XTRA	9, 505, 56.11
YALE	7, 620, 88.57
YAMAH	4302, 289645, 67.33
YANH	12, 1150, 95.83
YOYO	9, 565, 62.78
YUGO	7, 340, 48.57
YW	8, 520, 65.0
ZHNG	7, 430, 61.43
ZIM	26, 1475, 56.73
ZUMA	8, 570, 71.25
