Type	Count, Total Dollars, Average
1	12, 1110, 92.5
AC	9, 805, 89.44
ACADE	16, 2315, 144.69
ACIRA	5, 380, 76.0
ACUDI	5, 400, 80.0
ACUR	8, 675, 84.38
ACURA	173940, 10924785, 62.81
ACYRA	6, 570, 95.0
ADD	19, 1900, 100.0
ADVAN	11, 550, 50.0
AERO	105, 9940, 94.67
AIRST	7, 665, 95.0
AJAX	112, 6085, 54.33
AJAY	5, 225, 45.0
AL/D	27, 2965, 109.81
AL/R	54, 3635, 67.31
ALERO	5, 365, 73.0
ALEXA	91, 9630, 105.82
ALEXD	12, 1315, 109.58
ALFAR	163, 10795, 66.23
ALMAC	11, 550, 50.0
AM/C	23, 1895, 82.39
AM/G	17, 1075, 63.24
AM/T	25, 1295, 51.8
AM/TR	21, 1020, 48.57
AMC	222, 15340, 69.1
AMTR	11, 670, 60.91
AMTRA	12, 715, 59.58
ANCIA	269, 17400, 64.68
ANKA	31, 3565, 115.0
ANKAI	7, 610, 87.14
APP	8, 740, 92.5
APR	6, 360, 60.0
APRIL	87, 5500, 63.22
AS/M	172, 10995, 63.92
AST	6, 300, 50.0
AUDI	108840, 6864540, 63.07
AUDL	7, 415, 59.29
AURA	7, 545, 77.86
AUSTI	238, 16145, 67.84
AUTOC	272, 21990, 80.85
BALAN	12, 1215, 101.25
BASHA	13, 810, 62.31
BCI	6, 440, 73.33
BEACO	7, 425, 60.71
BEN	20, 1130, 56.5
BENSO	33, 1630, 49.39
BENTL	1546, 111330, 72.01
BER	7, 750, 107.14
BERI	45, 3700, 82.22
BERIN	16, 1165, 72.81
BERTO	327, 21285, 65.09
BL	6, 455, 75.83
BL BI	5, 430, 86.0
BL/B	269, 17320, 64.39
BL/BI	215, 11450, 53.26
BLU	6, 365, 60.83
BLUE	89, 6105, 68.6
BLUEB	45, 2610, 58.0
BMW	311210, 19761250, 63.5
BMW.	11, 615, 55.91
BMWQ	5, 400, 80.0
BOUN	5, 335, 67.0
BRICK	7, 335, 47.86
BRIDG	110, 6615, 60.14
BRTO	6, 340, 56.67
BSA	62, 4305, 69.44
BUCK	5, 310, 62.0
BUD	5, 510, 102.0
BUDC	11, 1195, 108.64
BUDDY	8, 430, 53.75
BUELL	17, 975, 57.35
BUICK	38352, 2401655, 62.62
BUS	41, 4015, 97.93
BUSI	10, 530, 53.0
BYD	6, 430, 71.67
CA/AM	25, 1265, 50.6
CA/ON	5, 250, 50.0
CABC	5, 505, 101.0
CADA	7, 595, 85.0
CADAI	8, 850, 106.25
CADDL	7, 685, 97.86
CADIA	6, 450, 75.0
CADII	5, 345, 69.0
CADIL	79396, 5389695, 67.88
CADU	7, 415, 59.29
CANAM	7, 480, 68.57
CARGO	42, 1915, 45.6
CARY	7, 680, 97.14
CASE	31, 2000, 64.52
CAT	29, 2410, 83.1
CAYEN	8, 945, 118.13
CENTE	5, 575, 115.0
CFHG	9, 580, 64.44
CH	17, 1530, 90.0
CHAM	11, 625, 56.82
CHASI	5, 575, 115.0
CHECK	1212, 80565, 66.47
CHEET	26, 1400, 53.85
CHER	159, 14745, 92.74
CHEVR	751678, 49137365, 65.37
CHEY	5, 435, 87.0
CHEYS	14, 1085, 77.5
CHRY	6, 375, 62.5
CHRYS	169298, 10824955, 63.94
CHT	5, 575, 115.0
CHTH	19, 1060, 55.79
CHV	8, 400, 50.0
CHY	36, 3215, 89.31
CHYR	13, 985, 75.77
CIMC	85, 4470, 52.59
CITRO	111, 7295, 65.72
CJEV	7, 495, 70.71
CLEME	7, 410, 58.57
CLEMT	5, 250, 50.0
COAC	11, 735, 66.82
COACH	26, 2385, 91.73
COLL	30, 1930, 64.33
COLLI	61, 3190, 52.3
COLT	7, 555, 79.29
COM	22, 2475, 112.5
COMM	25, 2470, 98.8
CONTA	11, 565, 51.36
CONV	5, 465, 93.0
COPE	16, 800, 50.0
CORB	8, 420, 52.5
CORBE	24, 1265, 52.71
COTTR	16, 795, 49.69
COURI	7, 735, 105.0
CRYST	6, 515, 85.83
CUB	7, 805, 115.0
CUB C	5, 525, 105.0
CUSHM	8, 390, 48.75
CUST	100, 5660, 56.6
DAEWO	327, 20705, 63.32
DATSU	137, 8045, 58.72
DEL	7, 805, 115.0
DELIV	16, 1720, 107.5
DELOR	16, 905, 56.56
DELV	57, 5970, 104.74
DEMA	26, 2515, 96.73
DIAHA	19, 1340, 70.53
DIAMO	269, 18735, 69.65
DIVC	8, 840, 105.0
DODGE	340763, 23221050, 68.14
DONGF	13, 820, 63.08
DORS	40, 2305, 57.63
DORSC	10, 690, 69.0
DORSE	581, 39095, 67.29
DUC	12, 905, 75.42
DUCA	22, 1610, 73.18
DUCAI	6, 350, 58.33
DUCAT	2062, 148495, 72.02
DUMP	6, 570, 95.0
DUNBA	6, 690, 115.0
DUNH	6, 355, 59.17
EA/BE	5, 305, 61.0
EAMC	16, 1000, 62.5
EAS	24, 1325, 55.21
EAST	404, 20390, 50.47
EASTO	47, 2340, 49.79
EASY	10, 530, 53.0
ELD	7, 600, 85.71
ELDE	7, 405, 57.86
ELDO	49, 2650, 54.08
ENFIE	8, 600, 75.0
EVERE	7, 595, 85.0
EZL	18, 885, 49.17
F	5, 575, 115.0
F L	7, 595, 85.0
F LIN	11, 1215, 110.45
F V	6, 690, 115.0
F-LIN	6, 640, 106.67
F/C	5, 425, 85.0
F/L	133, 12985, 97.63
F/V	6, 525, 87.5
FALCO	8, 790, 98.75
FED E	9, 980, 108.89
FEDE	21, 1925, 91.67
FEDER	6, 495, 82.5
FEDEX	98, 10090, 102.96
FEHT	5, 575, 115.0
FEIG	7, 805, 115.0
FEIGH	7, 750, 107.14
FERIG	47, 5005, 106.49
FERRA	1561, 132380, 84.8
FG	9, 920, 102.22
FGHT	17, 1620, 95.29
FGT	11, 1265, 115.0
FGTLN	5, 575, 115.0
FHRT	15, 1505, 100.33
FHT	5, 525, 105.0
FHTL	421, 41575, 98.75
FI	12, 1080, 90.0
FI/LI	19, 2185, 115.0
FIAT	10842, 689250, 63.57
FIBE	9, 595, 66.11
FISK	18, 1070, 59.44
FISKE	14, 920, 65.71
FL	281, 28590, 101.74
FL/LI	7, 805, 115.0
FL/LR	9, 935, 103.89
FLEE	11, 785, 71.36
FLIN	43, 3845, 89.42
FLINE	5, 575, 115.0
FLORE	17, 825, 48.53
FN	6, 690, 115.0
FOD	18, 1095, 60.83
FON	15, 995, 66.33
FONA	23, 1130, 49.13
FONTA	1653, 117725, 71.22
FORD	1293728, 86773040, 67.07
FORS	7, 395, 56.43
FOUR	7, 635, 90.71
FR	148, 16370, 110.61
FR /L	5, 575, 115.0
FR HT	13, 1375, 105.77
FR L	9, 1035, 115.0
FR LI	177, 19175, 108.33
FR LN	38, 4270, 112.37
FR/L	286, 27515, 96.21
FR/LI	1098, 115755, 105.42
FR/LN	38, 3920, 103.16
FR/LR	11, 1165, 105.91
FR/LT	35, 3865, 110.43
FRAT	6, 550, 91.67
FRD	216, 19725, 91.32
FRE	61, 4010, 65.74
FRE L	8, 780, 97.5
FRE/L	8, 920, 115.0
FREG	267, 28675, 107.4
FREGH	68, 7220, 106.18
FREGI	13, 1380, 106.15
FREGT	36, 4015, 111.53
FREH	5, 575, 115.0
FREHT	9, 985, 109.44
FREI	567, 62225, 109.74
FREIF	7, 805, 115.0
FREIH	17, 1730, 101.76
FREIN	5, 575, 115.0
FREIT	16, 1620, 101.25
FRELI	7, 705, 100.71
FREOG	5, 495, 99.0
FRER	7, 545, 77.86
FRET	8, 800, 100.0
FREUG	5, 505, 101.0
FREVO	7, 755, 107.86
FRG	114, 12065, 105.83
FRGH	235, 23935, 101.85
FRGHT	274, 29925, 109.22
FRGT	40, 4190, 104.75
FRGTL	5, 475, 95.0
FRH	236, 13325, 56.46
FRHT	11, 810, 73.64
FRI	48, 5135, 106.98
FRI/L	6, 635, 105.83
FRIE	376, 34690, 92.26
FRIEG	385, 38750, 100.65
FRIEH	20, 1995, 99.75
FRIG	144, 15025, 104.34
FRIGH	169, 17585, 104.05
FRIL	6, 690, 115.0
FRL	31, 3265, 105.32
FRLI	99, 10560, 106.67
FRLIN	7, 805, 115.0
FRLN	215, 24595, 114.4
FRLT	8, 865, 108.13
FROD	24, 1930, 80.42
FRT	346, 32310, 93.38
FRT L	14, 1380, 98.57
FRT/L	5, 575, 115.0
FRTL	188, 15530, 82.61
FRTLI	14, 1275, 91.07
FRTLR	10, 930, 93.0
FRUEH	381604, 35619290, 93.34
FT	32, 3630, 113.44
FT LI	25, 2710, 108.4
FT LN	6, 635, 105.83
FT/L	22, 2200, 100.0
FT/LI	195, 21375, 109.62
FT/LN	35, 3860, 110.29
FT/LR	5, 445, 89.0
FT/LT	13, 1495, 115.0
FTL	21, 2115, 100.71
FTLI	14, 1610, 115.0
FTLN	11, 1265, 115.0
FTLNR	7, 705, 100.71
FTLR	9, 875, 97.22
FTWD	8, 455, 56.88
FU	5, 505, 101.0
FUSD	5, 475, 95.0
FUSO	578, 59730, 103.34
FUSU	8, 725, 90.63
G D	28, 1525, 54.46
G DAE	5, 575, 115.0
G DAN	78, 8715, 111.73
G DAR	6, 690, 115.0
G DAV	6, 690, 115.0
G/D	8, 820, 102.5
GALAS	5, 365, 73.0
GARDE	17, 885, 52.06
GC	6, 520, 86.67
GCA	5, 435, 87.0
GD	56, 4520, 80.71
GDA	5, 245, 49.0
GDAVE	11, 1265, 115.0
GE/C	22, 2380, 108.18
GE/CO	5, 575, 115.0
GE/M	15, 975, 65.0
GE/SC	5, 410, 82.0
GEM	13, 1150, 88.46
GENES	31, 2240, 72.26
GENUI	23, 1425, 61.96
GENVI	6, 490, 81.67
GEO	1955, 137645, 70.41
GIDNY	481, 38445, 79.93
GIL	49, 5455, 111.33
GILG	6, 570, 95.0
GILL	239, 23525, 98.43
GILLI	49, 4715, 96.22
GLA	10, 1620, 162.0
GLAV	5, 485, 97.0
GLAVA	12, 785, 65.42
GLBEN	13, 650, 50.0
GMC	295558, 21538050, 72.87
GN	12, 1380, 115.0
GNC	62, 6250, 100.81
GO	5, 425, 85.0
GOV	48, 4850, 101.04
GR DA	5, 425, 85.0
GRAND	18, 1740, 96.67
GRAY	10, 1095, 109.5
GRD	22, 1635, 74.32
GRDN	5, 250, 50.0
GRE	95, 7915, 83.32
GREAT	1355, 105485, 77.85
GREEN	7, 750, 107.14
GREIC	5, 575, 115.0
GREIG	75, 8545, 113.93
GREY	15, 1515, 101.0
GRN	5, 520, 104.0
GROVE	5, 250, 50.0
GRT	6, 625, 104.17
GRT D	10, 1050, 105.0
GRTDA	8, 650, 81.25
GRU	16, 1840, 115.0
GRUEH	92, 7600, 82.61
GRUM	17, 1900, 111.76
GRUMM	414, 33910, 81.91
GSB	14, 1610, 115.0
GSC	14, 705, 50.36
GSCR	27, 1395, 51.67
GW	10, 890, 89.0
H	12, 1310, 109.17
H D	20, 1000, 50.0
H/D	10, 855, 85.5
HACK	16, 1445, 90.31
HACKN	13, 1070, 82.31
HALE	6, 295, 49.17
HAMME	7, 695, 99.29
HANJI	6, 340, 56.67
HARLE	4857, 325545, 67.03
HARVE	5, 400, 80.0
HAULM	13, 735, 56.54
HEI	8, 400, 50.0
HEIL	33, 1645, 49.85
HENO	14, 1300, 92.86
HERC	8, 375, 46.88
HERCU	24, 1230, 51.25
HIGHW	113, 9250, 81.86
HIN	11719, 1067175, 91.06
HIND	45, 4340, 96.44
HINDO	11, 1210, 110.0
HINI	25, 2205, 88.2
HINIO	12, 1315, 109.58
HINO	79745, 7161260, 89.8
HINOD	16, 1385, 86.56
HNO	20, 1665, 83.25
HOD	5, 315, 63.0
HODN	8, 445, 55.63
HOLI	6, 280, 46.67
HOME	11, 690, 62.73
HOMEM	7, 375, 53.57
HONDA	916604, 57532605, 62.77
HONE	5, 295, 59.0
HR	5, 345, 69.0
HUD	12, 1495, 124.58
HUMBE	390, 25985, 66.63
HUME	7, 660, 94.29
HUMME	4335, 281085, 64.84
HUN	19, 1865, 98.16
HUYN	5, 425, 85.0
HYDI	16, 1540, 96.25
HYDU	7, 635, 90.71
HYNO	6, 570, 95.0
HYOSU	7, 480, 68.57
HYTR	39, 2175, 55.77
HYUN	292, 16730, 57.29
HYUND	235216, 14734895, 62.64
HYUNO	5, 265, 53.0
I	6, 530, 88.33
I C	8, 475, 59.38
IC	1330, 82640, 62.14
ICCO	6, 300, 50.0
IFIN	14, 1140, 81.43
IFINI	6, 600, 100.0
IL	13, 1305, 100.38
INDIA	19, 1245, 65.53
INET	10, 920, 92.0
INETR	12, 1005, 83.75
INFIN	140154, 8710420, 62.15
INFIT	25, 2325, 93.0
INFNI	10, 960, 96.0
INIF	11, 855, 77.73
INIFI	35, 3180, 90.86
INIFN	11, 995, 90.45
INL	7, 730, 104.29
INT.	7, 705, 100.71
INTEL	68, 6860, 100.88
INTEN	7, 600, 85.71
INTER	284221, 26058215, 91.68
INTI	35, 3775, 107.86
INTIL	35, 3200, 91.43
INTIN	22, 1965, 89.32
INTN	23, 2155, 93.7
INTR	121, 11550, 95.45
INTZ	19, 1995, 105.0
IS	8, 760, 95.0
ISUZU	118862, 10345325, 87.04
ISZ	13, 975, 75.0
ITNE	9, 925, 102.78
ITNL	7, 380, 54.29
IZ	17, 1715, 100.88
JAGUA	13878, 879425, 63.37
JAY	5, 455, 91.0
JAYCO	6, 485, 80.83
JEEP	260733, 16319525, 62.59
JENSE	342, 21970, 64.24
JINDO	17, 850, 50.0
JINO	94, 7880, 83.83
JO/DE	12, 600, 50.0
JOHNS	19, 1075, 56.58
JONWA	18, 915, 50.83
K W	44, 2200, 50.0
K/W	14, 1560, 111.43
KAUFM	18, 1065, 59.17
KAWAS	5652, 422125, 74.69
KEMWO	8, 855, 106.88
KEN W	15, 1555, 103.67
KENC	5, 475, 95.0
KENCO	7, 350, 50.0
KENI	16, 1475, 92.19
KENIL	19, 1590, 83.68
KENMO	37, 3770, 101.89
KENO	27, 2995, 110.93
KENS	5, 415, 83.0
KENSW	19, 1665, 87.63
KENT	19, 1945, 102.37
KENTU	377, 26700, 70.82
KENTW	9, 545, 60.56
KENW	274, 29700, 108.39
KENWO	38996, 3704230, 94.99
KEW	7, 755, 107.86
KEWNO	5, 455, 91.0
KEWO	10, 1025, 102.5
KI/M	64, 4210, 65.78
KI/MO	14, 700, 50.0
KIA	89150, 5705290, 64.0
KIA M	8, 400, 50.0
KIA.	16, 795, 49.69
KID	21, 1815, 86.43
KIDRO	22, 2290, 104.09
KIN	7, 545, 77.86
KINGS	6, 630, 105.0
KINO	8, 570, 71.25
KN	22, 2480, 112.73
KNWD	5, 575, 115.0
KRYS	49, 3250, 66.33
KRYST	9, 720, 80.0
KTM	41, 2530, 61.71
KURBM	6, 570, 95.0
KW	1937, 208640, 107.71
KYMC	6, 475, 79.17
KYMCO	92, 5590, 60.76
L R	74, 3750, 50.68
L ROV	6, 610, 101.67
L/R	20, 1835, 91.75
LA RA	7, 715, 102.14
LA RO	307, 26310, 85.7
LA.RO	5, 505, 101.0
LA/RD	24, 2135, 88.96
LADA	19, 1470, 77.37
LAIRO	8, 610, 76.25
LAM	5, 445, 89.0
LAMBO	196, 15320, 78.16
LAND/	8, 530, 66.25
LANDO	5, 380, 76.0
LAR	9, 515, 57.22
LAYTO	10, 450, 45.0
LDR	6, 300, 50.0
LENOX	5, 455, 91.0
LEUXS	10, 870, 87.0
LEXU	7, 680, 97.14
LEXUS	203339, 12464395, 61.3
LIEBH	11, 660, 60.0
LINCO	111206, 7776105, 69.93
LINO	9, 840, 93.33
LND	275, 14010, 50.95
LO/RI	7, 380, 54.29
LO/RO	7, 375, 53.57
LOAD	5, 285, 57.0
LODC	30, 1950, 65.0
LOTUS	153, 9595, 62.71
M B	544, 27200, 50.0
M-B	57, 2850, 50.0
MA	7, 465, 66.43
MACK	27780, 2540765, 91.46
MADA	6, 510, 85.0
MAERS	8, 430, 53.75
MAGIR	90, 7230, 80.33
MAJE	8, 400, 50.0
MAJES	6, 365, 60.83
MAN	6, 430, 71.67
MANA	8, 360, 45.0
MANAC	15, 775, 51.67
MANC	14, 840, 60.0
MAR	7, 655, 93.57
MARC	8, 730, 91.25
MARCH	5, 545, 109.0
MARCU	6, 390, 65.0
MAROO	9, 945, 105.0
MARTZ	6, 690, 115.0
MAS	37, 2110, 57.03
MASE	542, 33910, 62.56
MASSA	3330, 213500, 64.11
MAXON	21, 2125, 101.19
MAYB	32, 2750, 85.94
MAYBA	21, 1570, 74.76
MAZDA	98682, 6241490, 63.25
MBSP	16, 1520, 95.0
MCA	14, 1540, 110.0
MCI	3980, 457025, 114.83
MCIN	16, 1520, 95.0
MCLA	33, 2375, 71.97
MCY	36, 5100, 141.67
MD	6, 405, 67.5
ME	39, 3260, 83.59
ME/BE	319504, 20764615, 64.99
MEI	11, 1210, 110.0
MER	638, 37005, 58.0
MERCU	82818, 6808115, 82.21
MERE	9, 700, 77.78
METRO	31, 1855, 59.84
METZ	15, 875, 58.33
MG	216, 16875, 78.13
MI	7, 615, 87.86
MI FU	68, 6400, 94.12
MI/F	8007, 666835, 83.28
MI/FL	9, 980, 108.89
MI/FV	13, 1255, 96.54
MIC	25, 2220, 88.8
MICK	47, 5405, 115.0
MICKE	140, 15540, 111.0
MICRO	10, 490, 49.0
MIN C	7, 365, 52.14
MINC	28, 1400, 50.0
MINI	21510, 1354025, 62.95
MINIC	49, 3745, 76.43
MINT	6, 620, 103.33
MIST	5, 315, 63.0
MITSU	115902, 8779375, 75.75
MO/GU	10, 500, 50.0
MO/V	19, 1635, 86.05
MON	6, 390, 65.0
MONN	7, 405, 57.86
MONO	11, 720, 65.45
MONON	8, 820, 102.5
MORGA	134, 10815, 80.71
MOTO	22, 1910, 86.82
MOTOG	27, 1600, 59.26
MOTOR	55, 5160, 93.82
MS	12, 1310, 109.17
MURC	8, 660, 82.5
MVI	6, 300, 50.0
MZ	6, 335, 55.83
N/A	12, 1100, 91.67
N/S	125, 11350, 90.8
NA	14, 1055, 75.36
NAV	7, 605, 86.43
NAVI	38, 4070, 107.11
NAVIS	1970, 164910, 83.71
NDM	5, 250, 50.0
NDMC	11, 1115, 101.36
NE/FL	90, 4500, 50.0
NEON	8, 700, 87.5
NEW	10, 920, 92.0
NEWF	25, 2735, 109.4
NEWFL	44, 2390, 54.32
NINO	5, 305, 61.0
NISN	7, 350, 50.0
NISSA	754628, 47767965, 63.3
NO/BU	31, 1550, 50.0
NS	144, 11430, 79.38
NS/OT	123769, 9584650, 77.44
OK	5, 525, 105.0
OLD M	5, 485, 97.0
OLD S	5, 395, 79.0
OLDM	10, 620, 62.0
OLDMO	18, 1700, 94.44
OLDSM	7455, 475270, 63.75
OMR	9, 705, 78.33
OPEL	14, 1180, 84.29
ORIO	21, 1445, 68.81
ORION	281, 14150, 50.36
ORKH	7, 655, 93.57
OSHIK	16, 1115, 69.69
OSHKO	64, 4160, 65.0
OTHER	19, 1435, 75.53
OTHR	30, 150, 5.0
OVW	7, 315, 45.0
P/B	14, 1510, 107.86
PAGGI	5, 495, 99.0
PB	54, 5735, 106.2
PEDIC	30, 3185, 106.17
PENSK	8, 760, 95.0
PER	5, 510, 102.0
PET	221, 13355, 60.43
PETE	73, 7020, 96.16
PETER	34223, 3264450, 95.39
PETR	12, 1330, 110.83
PETRB	5, 475, 95.0
PEUGE	92, 7070, 76.85
PGO	14, 900, 64.29
PIA	17, 1135, 66.76
PIAG	9, 625, 69.44
PIAGG	307, 19985, 65.1
PICK	5, 525, 105.0
PL	6, 690, 115.0
PLAGG	8, 595, 74.38
PLYMO	6160, 393210, 63.83
PLYN	5, 525, 105.0
POIN	8, 900, 112.5
POINT	11, 935, 85.0
POLAR	19, 1015, 53.42
PONTA	26, 1810, 69.62
PONTI	25139, 1623280, 64.57
PORSC	19259, 1231495, 63.94
PORTI	8, 690, 86.25
POTIA	10, 935, 93.5
PRATT	24, 1080, 45.0
PRE	41, 3390, 82.68
PREO	25, 1500, 60.0
PREV	395, 36395, 92.14
PREVO	1878, 175665, 93.54
PROV	5, 365, 73.0
PROVE	5, 435, 87.0
PROVO	17, 2025, 119.12
PSD	6, 625, 104.17
PTB	12, 875, 72.92
PTR	21, 1340, 63.81
PTR B	6, 490, 81.67
PTRB	27, 1995, 73.89
PTRBL	18, 1695, 94.17
PUCH	15, 960, 64.0
R	5, 505, 101.0
R ROV	9, 610, 67.78
R/R	14, 1210, 86.43
RA RO	13, 1390, 106.92
RA/R	7, 315, 45.0
RAN	6, 510, 85.0
RAN R	9, 975, 108.33
REC	5, 250, 50.0
REF	5, 520, 104.0
REFG	68, 6965, 102.43
REIGH	5, 525, 105.0
RENAU	75, 4735, 63.13
RHINO	7, 490, 70.0
RO/EN	5, 345, 69.0
RO/R	190, 14140, 74.42
ROAD	6, 440, 73.33
ROCK	14, 1120, 80.0
ROGER	7, 365, 52.14
ROKET	6, 300, 50.0
ROLLS	382, 29660, 77.64
ROVER	54308, 3458640, 63.69
RS	6, 285, 47.5
RTS	35, 1740, 49.71
RYDER	12, 1010, 84.17
S	9, 960, 106.67
SAAB	11794, 733515, 62.19
SATAR	5, 435, 87.0
SATON	6, 545, 90.83
SATRN	5, 550, 110.0
SATUN	18, 1640, 91.11
SATUR	23160, 1463540, 63.19
SCAN	8, 690, 86.25
SCARA	5, 350, 70.0
SCHI	13, 885, 68.08
SCI	5, 310, 62.0
SCIO	43, 2125, 49.42
SCION	6166, 419190, 67.98
SCOOT	5, 385, 77.0
SEABO	5, 245, 49.0
SEMI	26, 1460, 56.15
SET	5, 250, 50.0
SETR	88, 8275, 94.03
SETRA	5, 370, 74.0
SHENK	5, 425, 85.0
SHORE	8, 365, 45.63
SIER	9, 605, 67.22
SIMCA	32, 1890, 59.06
SKODA	21, 1405, 66.9
SLING	14, 895, 63.93
SMA	49, 2450, 50.0
SMAR	7, 420, 60.0
SMART	13997, 857080, 61.23
SMITH	1489, 130255, 87.48
SMR	5, 250, 50.0
SMRT	18, 1030, 57.22
SOLBC	8, 480, 60.0
SOLEC	376, 23090, 61.41
SOLER	6, 425, 70.83
SOMET	12, 980, 81.67
SOUT	5, 320, 64.0
SPART	7, 675, 96.43
SPECT	29, 1450, 50.0
SPINT	5, 355, 71.0
SPR	5, 345, 69.0
SPRI	1842, 121335, 65.87
ST/A	29, 2835, 97.76
ST/AL	17, 850, 50.0
ST/CR	14, 700, 50.0
ST/QU	13, 645, 49.62
STA	7, 1470, 210.0
STAR	692, 44865, 64.83
STARC	547, 28595, 52.28
STAUR	6, 650, 108.33
STE	37, 2235, 60.41
STELL	13, 865, 66.54
STERL	10464, 890280, 85.08
STL	118, 5605, 47.5
STO	17, 940, 55.29
STOUG	29, 1465, 50.52
STR	76, 3870, 50.92
STRA	5, 355, 71.0
STRAC	7, 350, 50.0
STREA	5, 315, 63.0
STRG	14, 1070, 76.43
STRI	47, 3150, 67.02
STRIC	253, 15770, 62.33
STRL	10, 490, 49.0
STUDE	128, 8425, 65.82
SUBAR	112137, 6859175, 61.17
SUKI	5, 380, 76.0
SUKU	24, 1785, 74.38
SUM	5, 360, 72.0
SUMMI	22, 1045, 47.5
SUNBE	194, 12100, 62.37
SUNNY	5, 400, 80.0
SUPR	12, 1080, 90.0
SUZUK	11202, 732705, 65.41
SYM	17, 1180, 69.41
SYSCO	5, 575, 115.0
TA/TA	17, 990, 58.24
TALBE	7, 440, 62.86
TANK	6, 530, 88.33
TAOTA	8, 400, 50.0
TE/AD	6, 300, 50.0
TELSA	5, 395, 79.0
TEMS	47, 4695, 99.89
TEMSA	22, 1705, 77.5
TES	37, 1850, 50.0
TESCA	5, 415, 83.0
TESL	513, 32400, 63.16
TESLA	603, 38090, 63.17
TEX	11, 675, 61.36
TGB	5, 295, 59.0
THEA	6, 410, 68.33
THERM	6, 670, 111.67
THEU	6, 275, 45.83
THEUR	244, 16275, 66.7
THO	8, 450, 56.25
THOMA	1299, 86050, 66.24
THOMS	18, 900, 50.0
THT	5, 300, 60.0
TIFF	9, 565, 62.78
TIOG	7, 395, 56.43
TIT	9, 450, 50.0
TITAN	29, 1640, 56.55
TLBRO	6, 270, 45.0
TLR	157, 7585, 48.31
TN	5, 450, 90.0
TNTE	18, 870, 48.33
TOKEN	5, 315, 63.0
TOMOS	29, 1810, 62.41
TONGH	9, 430, 47.78
TOYA	16, 915, 57.19
TOYOT	1022891, 65216975, 63.76
TR LR	6, 310, 51.67
TR/LI	6, 690, 115.0
TR/R	10, 630, 63.0
TR/T	14, 760, 54.29
TR/TE	30, 1510, 50.33
TRA	37, 2365, 63.92
TRAC	71, 5050, 71.13
TRACK	7, 750, 107.14
TRACT	15, 1085, 72.33
TRAI	9, 425, 47.22
TRAIL	3138, 183860, 58.59
TRAN	20, 1150, 57.5
TRAO	5, 375, 75.0
TRIM	24, 2110, 87.92
TRITO	29, 1730, 59.66
TRIUM	2388, 164100, 68.72
TRIUN	6, 380, 63.33
TRL	191, 14290, 74.82
TRLMO	8, 590, 73.75
TRLR	234, 13360, 57.09
TROPI	5, 225, 45.0
TRSG	11, 585, 53.18
TRUC	7, 435, 62.14
TRUCK	75, 7990, 106.53
TU/T	10, 870, 87.0
TURT	18, 1265, 70.28
TY	5, 575, 115.0
UD	15785, 1401345, 88.78
UHAL	6, 520, 86.67
UHAUL	46, 3570, 77.61
UIT	5, 445, 89.0
UITL	7, 805, 115.0
ULTR	9, 665, 73.89
UMC	18, 1360, 75.56
UNCB	31, 1405, 45.32
UNIFL	472, 33425, 70.82
UNIV	343, 20335, 59.29
UNIVE	35, 2315, 66.14
UNK	56, 4240, 75.71
UNKN	9, 450, 50.0
UNKNO	46, 2315, 50.33
UNTIL	6, 530, 88.33
UP	8, 685, 85.63
UPS	2612, 267700, 102.49
US	7, 495, 70.71
UT	9, 985, 109.44
UT/M	383, 25115, 65.57
UT/MA	21, 1960, 93.33
UTI	123, 10805, 87.85
UTIL	9776, 706355, 72.25
UTILI	1751, 141650, 80.9
UTILM	18, 1850, 102.78
UTILT	12, 1275, 106.25
UTIMA	5, 465, 93.0
UTL	24, 1805, 75.21
UTM	7, 350, 50.0
UW	5, 575, 115.0
VA HO	33, 3115, 94.39
VA/H	253, 17030, 67.31
VA/HO	107, 11470, 107.2
VA/P	6, 640, 106.67
VAHO	47, 5030, 107.02
VAHOO	14, 1540, 110.0
VALHO	6, 565, 94.17
VAN	159, 26400, 166.04
VAN H	2977, 252905, 84.95
VANCO	12, 590, 49.17
VANGU	5, 315, 63.0
VANH	110, 19655, 178.68
VANHO	4229, 398320, 94.19
VD	13, 1445, 111.15
VENT	7, 475, 67.86
VES	16, 830, 51.88
VESP	45, 3460, 76.89
VESPA	7663, 539605, 70.42
VIC	5, 250, 50.0
VICTO	42, 2580, 61.43
VINO	12, 1070, 89.17
VLKSW	5, 360, 72.0
VN	9, 735, 81.67
VN/H	58, 2550, 43.97
VOIKS	13, 1065, 81.92
VOL W	5, 415, 83.0
VOLKS	168368, 10492300, 62.32
VOLVO	73101, 5001860, 68.42
VOVL	14, 860, 61.43
VPG	754, 41235, 54.69
VULCA	7, 535, 76.43
VW	11, 955, 86.82
VWGN	7, 780, 111.43
W	8, 850, 106.25
W H	12, 1380, 115.0
W HOR	5, 625, 125.0
W/H	30, 3190, 106.33
W/S	5, 485, 97.0
WAB	125, 12370, 98.96
WABA	53, 3805, 71.79
WABAS	174, 14280, 82.07
WANC	59, 4640, 78.64
WAS	9, 895, 99.44
WCC	6, 450, 75.0
WE/S	7, 585, 83.57
WE/ST	62, 3335, 53.79
WELLS	9, 465, 51.67
WERNE	7, 355, 50.71
WES	35, 1765, 50.43
WEST	15, 1110, 74.0
WH	365, 39070, 107.04
WH/G	9, 905, 100.56
WH/GM	27, 2705, 100.19
WH/GN	6, 690, 115.0
WHCC	5, 455, 91.0
WHISP	6, 690, 115.0
WHITE	6982, 624255, 89.41
WHOR	29, 2380, 82.07
WHORS	5, 575, 115.0
WHT	6, 495, 82.5
WILL	5, 375, 75.0
WIN	5, 355, 71.0
WINN	68, 4020, 59.12
WINNE	39, 2250, 57.69
WINNI	8, 660, 82.5
WK	19, 2045, 107.63
WK HR	11, 1265, 115.0
WK HS	5, 575, 115.0
WK/H	188, 16265, 86.52
WK/HR	9, 1035, 115.0
WK/HS	8, 790, 98.75
WKH	31, 2855, 92.1
WKHOR	13, 1495, 115.0
WKHR	17, 1900, 111.76
WKHRS	11, 1150, 104.55
WKHS	35, 4025, 115.0
WO	7, 805, 115.0
WO CH	26, 2990, 115.0
WO HO	30, 3130, 104.33
WO/C	995, 84640, 85.07
WO/CH	210, 21850, 104.05
WO/H	458, 41160, 89.87
WO/HO	173, 18395, 106.33
WO/HR	6, 490, 81.67
WO/HS	8, 840, 105.0
WOCH	8, 920, 115.0
WOHO	13, 1375, 105.77
WOKH	15, 1725, 115.0
WOLCH	6, 640, 106.67
WOLKS	9, 585, 65.0
WOR	79, 7190, 91.01
WORH	30, 2915, 97.17
WORHK	5, 370, 74.0
WORK	14176, 1264790, 89.22
WORK/	6, 690, 115.0
WORKE	6, 620, 103.33
WORKH	44516, 4322080, 97.09
WORKI	14, 1475, 105.36
WORKM	6, 480, 80.0
WORKS	22, 1935, 87.95
WORKV	15, 1725, 115.0
WORLH	5, 525, 105.0
WORTH	65, 7085, 109.0
WRH	5, 510, 102.0
WRK	47, 5005, 106.49
WRK H	44, 5060, 115.0
WRKHO	14, 1610, 115.0
WRKHR	31, 3565, 115.0
WRKHS	15, 1610, 107.33
WS	8, 430, 53.75
WT	7, 545, 77.86
WV	37, 3945, 106.62
WW	6, 530, 88.33
XL	7, 415, 59.29
YALE	6, 415, 69.17
YAMAH	5403, 381385, 70.59
YANH	6, 545, 90.83
YUGO	7, 480, 68.57
YW	13, 1250, 96.15
ZENIT	5, 365, 73.0
ZHNG	7, 360, 51.43
ZIM	26, 1440, 55.38
ZUMA	8, 650, 81.25
