0 183312685.0
2013 47673820.0
2014 41716140.0
2012 36829500.0
2007 33244125.0
2015 33144880.0
2011 29558625.0
2006 28938830.0
2005 26287200.0
2008 26254600.0
2004 23874755.0
2010 23699110.0
2009 21366520.0
2003 19985555.0
2002 17741825.0
2016 16193055.0
2001 15806070.0
1999 10079205.0
1998 8156680.0
1997 7764240.0
1995 4631115.0
1996 4557050.0
2017 3942215.0
1994 1981805.0
1990 1926620.0
1988 1862820.0
1993 1427165.0
1992 1326375.0
1989 992120.0
1987 809760.0
1991 618530.0
1986 562980.0
1985 224590.0
1984 126115.0
1983 73580.0
