Type	Count, Total Dollars, Average
00	16, 800, 50.0
12PU	85, 4250, 50.0
12VN	9, 450, 50.0
2 DO	11, 550, 50.0
2 DR	3077, 153850, 50.0
20	6, 300, 50.0
2C	60, 3000, 50.0
2CV	22, 1100, 50.0
2D	1300, 65000, 50.0
2D H	26, 1300, 50.0
2D S	54, 2700, 50.0
2DHT	44, 2200, 50.0
2DSD	258874, 16141995, 62.35
2DSE	5, 250, 50.0
2H	260, 13000, 50.0
2S	431, 21550, 50.0
2SLE	6, 300, 50.0
2W	37, 1850, 50.0
300	13, 650, 50.0
328	5, 250, 50.0
3C	5, 250, 50.0
3D	43, 2150, 50.0
3P	11, 550, 50.0
3S	14, 700, 50.0
4	15, 750, 50.0
4 D	5, 250, 50.0
4 DO	1022, 51100, 50.0
4 DR	41246, 2062300, 50.0
4C	48, 2400, 50.0
4D	24465, 1223250, 50.0
4D H	67, 3350, 50.0
4D S	2721, 136050, 50.0
4DHB	24, 1200, 50.0
4DHT	61, 3050, 50.0
4DOO	5, 250, 50.0
4DR	8, 400, 50.0
4DSD	2832846, 175810200, 62.06
4DSE	395, 19750, 50.0
4DSW	146, 7300, 50.0
4DY	110, 5500, 50.0
4H	903, 45150, 50.0
4HY	8, 400, 50.0
4L	10, 500, 50.0
4RUN	6, 300, 50.0
4S	12618, 630900, 50.0
4SLE	152, 7600, 50.0
4SRE	28, 1400, 50.0
4SXS	22, 1100, 50.0
4T	9, 450, 50.0
4W	3817, 190850, 50.0
4WD	5, 250, 50.0
4WHE	91, 4550, 50.0
4WY	32, 1600, 50.0
5D	411, 20550, 50.0
5H	31, 1550, 50.0
5S	9, 450, 50.0
8V	21, 1050, 50.0
A	46, 4435, 96.41
AA4	9, 450, 50.0
ACC	50, 2500, 50.0
ACCO	5, 570, 114.0
ACUR	7, 680, 97.14
AI	6, 580, 96.67
ALT	27, 1350, 50.0
APP	67, 6045, 90.22
APPO	48, 4275, 89.06
APPT	13, 1395, 107.31
APUR	242, 12100, 50.0
AR	130, 6580, 50.62
ARMO	51, 5865, 115.0
BACK	9, 525, 58.33
BENZ	33, 1650, 50.0
BIK	5, 225, 45.0
BIKE	20, 1030, 51.5
BIS	5, 365, 73.0
BK	7, 560, 80.0
BLAC	12, 1190, 99.17
BLK	5, 525, 105.0
BLUE	9, 650, 72.22
BOAT	3060, 196620, 64.25
BOX	31, 1795, 57.9
BOXT	208, 14765, 70.99
BS	1545, 108835, 70.44
BU	129, 6770, 52.48
BUS	47479, 6854415, 144.37
BUSO	6, 1490, 248.33
BUSS	7, 1035, 147.86
BUST	5, 395, 79.0
BW	6, 480, 80.0
C	6, 445, 74.17
C&C	10, 500, 50.0
C4	12, 600, 50.0
CAM	26, 1365, 52.5
CAMP	10, 580, 58.0
CARG	7, 385, 55.0
CARR	148, 7610, 51.42
CB	21, 1565, 74.52
CBT	9, 450, 50.0
CC	26, 1365, 52.5
CG	167, 8350, 50.0
CH	18, 965, 53.61
CHER	26, 1300, 50.0
CHRY	10, 870, 87.0
CIV	11, 550, 50.0
CMIX	192, 12615, 65.7
CN	189, 9515, 50.34
CNVT	73, 3650, 50.0
COA	17, 850, 50.0
COM	14, 1410, 100.71
COMM	36, 2655, 73.75
COMT	9, 935, 103.89
CON	553, 27905, 50.46
CONT	11, 565, 51.36
CONV	39675, 2441130, 61.53
COOP	5, 365, 73.0
COUP	389, 23010, 59.15
CP	2629, 131775, 50.12
CPRE	9, 450, 50.0
CR	5, 380, 76.0
CREW	5, 250, 50.0
CRV	12, 665, 55.42
CTR	5, 335, 67.0
CUST	240, 18390, 76.63
CV	388, 19445, 50.12
CW	139, 6950, 50.0
CYCL	32, 1690, 52.81
D	7, 735, 105.0
DEL	10, 1080, 108.0
DELI	58, 5540, 95.52
DELT	13, 840, 64.62
DELV	677644, 63560555, 93.8
DELY	5, 315, 63.0
DEMA	12, 1240, 103.33
DETA	8, 640, 80.0
DP	5, 475, 95.0
DS	19, 1015, 53.42
DSD	18, 1545, 85.83
DUMP	8799, 725820, 82.49
DURA	13, 650, 50.0
E	8, 620, 77.5
E35	7, 350, 50.0
EC	29, 1450, 50.0
EDG	7, 350, 50.0
EMVR	166, 14380, 86.63
ES	153, 7715, 50.42
ESCA	15, 750, 50.0
ESY	5, 250, 50.0
EXPE	27, 1350, 50.0
EXPL	32, 1600, 50.0
EXT	26, 1300, 50.0
F15	7, 350, 50.0
FB	9, 590, 65.56
FEDE	10, 1150, 115.0
FIAT	83, 8740, 105.3
FIVE	12, 1305, 108.75
FLAT	10914, 999965, 91.62
FLEE	6, 550, 91.67
FOC	6, 300, 50.0
FODO	210, 10500, 50.0
FORK	6, 415, 69.17
FOUR	3709, 297270, 80.15
FPM	24, 2210, 92.08
FR	8, 720, 90.0
FREG	12, 1070, 89.17
FREI	397, 39745, 100.11
FRHT	12, 1000, 83.33
FRIE	6, 690, 115.0
FRIG	7, 625, 89.29
FRLI	6, 690, 115.0
G35	5, 250, 50.0
GAL	7, 350, 50.0
GARB	10, 980, 98.0
GCH	7, 350, 50.0
GREE	5, 485, 97.0
GREY	5, 395, 79.0
GY	7, 815, 116.43
H	5, 505, 101.0
H/IN	24, 1780, 74.17
H/TR	49, 4200, 85.71
H/WH	431, 26635, 61.8
HATC	225, 11665, 51.84
HB	417, 20850, 50.0
HDSD	5, 315, 63.0
HINO	20, 2035, 101.75
HOUS	5, 495, 99.0
HRSE	178, 9795, 55.03
HWH	47, 3370, 71.7
HY	14, 700, 50.0
HYUN	7, 545, 77.86
I	845, 74835, 88.56
IA	6, 590, 98.33
IC	5, 445, 89.0
II	108, 9665, 89.49
III	16, 1470, 91.88
IIII	6, 480, 80.0
IIN	8, 710, 88.75
IL	10, 775, 77.5
IMP	5, 250, 50.0
IN	13, 1005, 77.31
INFI	18, 1290, 71.67
INTE	85, 8775, 103.24
INTL	7, 750, 107.14
IQQL	11, 1265, 115.0
IR	10, 885, 88.5
IRI	8, 795, 99.38
IRUC	11, 0, 0.0
IS	18, 1595, 88.61
ISUZ	8, 805, 100.63
J	6, 485, 80.83
JEEP	114, 10050, 88.16
JET	8, 400, 50.0
JP	44, 2200, 50.0
KENW	6, 640, 106.67
LAND	6, 310, 51.67
LB	16, 865, 54.06
LIFT	7, 350, 50.0
LIM	1756, 159920, 91.07
LIMO	276, 18495, 67.01
LINC	5, 575, 115.0
LIVE	16, 1480, 92.5
LL	1008, 50790, 50.39
LM	5, 265, 53.0
LOCO	5, 310, 62.0
LSV	11, 1030, 93.64
LT	5, 520, 104.0
LTR	10, 590, 59.0
LTRL	160, 11800, 73.75
M	12, 1030, 85.83
M35	5, 250, 50.0
MACK	25, 2245, 89.8
MAL	7, 350, 50.0
MAX	18, 900, 50.0
MC	360, 24365, 67.68
MCC	178, 11820, 66.4
MCI	5, 405, 81.0
MCY	10456, 712900, 68.18
MH	12, 730, 60.83
MIFU	7, 705, 100.71
MINI	225, 14210, 63.16
MOBI	16, 1710, 106.88
MOBL	195, 13470, 69.08
MOPD	32, 1665, 52.03
MOPE	16, 1565, 97.81
MOT	289, 22915, 79.29
MOTE	6, 430, 71.67
MOTO	833, 63735, 76.51
MP	4063, 203215, 50.02
MPVH	6, 300, 50.0
MS	6, 550, 91.67
MTRH	8, 400, 50.0
MUR	11, 550, 50.0
MV	7, 415, 59.29
N	141, 13325, 94.5
N/A	142, 7100, 50.0
NI	28, 2305, 82.32
NIS	32, 1925, 60.16
NN	21, 2020, 96.19
NR	5, 520, 104.0
NS	43, 4200, 97.67
O	8, 710, 88.75
OMNI	30, 2915, 97.17
OMR	21, 2025, 96.43
OMS	5, 370, 74.0
OMT	22, 2020, 91.82
OTHE	8, 790, 98.75
P-U	23338, 2112190, 90.5
P/SH	576, 36870, 64.01
PAS	20, 1620, 81.0
PASS	44, 2285, 51.93
PATH	21, 1115, 53.1
PC	16, 800, 50.0
PCF	5, 250, 50.0
PEDI	5, 405, 81.0
PERM	7, 545, 77.86
PETE	12, 1210, 100.83
PICK	239991, 15734320, 65.56
PK	1212, 61235, 50.52
PKUP	3004, 150300, 50.03
PKY	6, 300, 50.0
PLT	11, 550, 50.0
POLE	84, 6015, 71.61
POST	13, 1495, 115.0
POWE	6, 440, 73.33
PSVA	17, 850, 50.0
PU	157, 8520, 54.27
PV	416, 20865, 50.16
Q	11, 1095, 99.55
R	80, 7895, 98.69
R/RD	179, 15290, 85.42
R35	6, 300, 50.0
RAV	7, 350, 50.0
RBM	22, 1620, 73.64
RD	15, 945, 63.0
RD/S	62, 3880, 62.58
RED	13, 1295, 99.62
REF	106, 11130, 105.0
REFE	6, 690, 115.0
REFG	71139, 6369355, 89.53
REFI	39, 3485, 89.36
REFR	292, 28310, 96.95
REG	40, 4545, 113.63
REIG	9, 985, 109.44
RENT	5, 525, 105.0
RF	32, 3085, 96.41
RI	15, 1370, 91.33
RIGG	7, 435, 62.14
RL	8, 780, 97.5
RPLC	33, 2695, 81.67
RR	21, 945, 45.0
RRV	6, 300, 50.0
RV	51, 4240, 83.14
S	57, 5105, 89.56
S/SP	622, 43285, 69.59
SCHO	88, 6210, 70.57
SCL	9, 825, 91.67
SCOO	80, 7090, 88.63
SCOT	5, 295, 59.0
SD	3326, 166375, 50.02
SDN	456645, 39005510, 85.42
SE	135, 7005, 51.89
SEDA	1705, 85435, 50.11
SEDN	4689, 327135, 69.77
SEM	14, 1215, 86.79
SEMI	3022, 195675, 64.75
SEN	6, 300, 50.0
SEVC	8, 520, 65.0
SFE	6, 300, 50.0
SI	17, 1680, 98.82
SILV	11, 775, 70.45
SMAR	48, 3750, 78.13
SN	13, 1175, 90.38
SN/P	311, 19485, 62.65
SNA	5, 250, 50.0
SOL	6, 300, 50.0
SON	16, 800, 50.0
SP	5, 250, 50.0
SPOR	24, 1265, 52.71
SPRI	7, 590, 84.29
SRF	8, 795, 99.38
SS	5, 510, 102.0
ST	299, 15010, 50.2
ST W	1222, 61100, 50.0
STAC	6, 635, 105.83
STAK	4525, 334350, 73.89
STAR	9, 885, 98.33
STAT	10, 985, 98.5
STAW	5, 435, 87.0
STN	22, 1100, 50.0
STWA	164, 8355, 50.95
SU	3641, 182180, 50.04
SUB	24, 1460, 60.83
SUBA	9, 880, 97.78
SUBN	3324690, 213116300, 64.1
SUBU	133, 6735, 50.64
SULE	22, 1100, 50.0
SUV	742, 45090, 60.77
SUW	23, 1150, 50.0
SV	929, 46515, 50.07
SVY	6, 300, 50.0
SW	16971, 850760, 50.13
SWLE	6, 300, 50.0
SWT	2414, 153500, 63.59
T	13, 1230, 94.62
T/CR	10327, 883585, 85.56
TAC	13, 1445, 111.15
TACT	9, 795, 88.33
TAH	12, 600, 50.0
TAHO	13, 650, 50.0
TANK	1967, 152700, 77.63
TARC	7, 735, 105.0
TAXI	59252, 4526950, 76.4
TB	10, 565, 56.5
TC	11, 975, 88.64
TCR	30, 3305, 110.17
TEMP	5, 315, 63.0
TF	28, 2610, 93.21
TIT	10, 835, 83.5
TK	22902, 1835010, 80.12
TKLE	79, 3950, 50.0
TKR	9, 915, 101.67
TKTR	16, 3135, 195.94
TKXS	10, 500, 50.0
TL	693, 74355, 107.29
TLC	12, 950, 79.17
TLCR	7, 785, 112.14
TLK	15, 1125, 75.0
TLR	876, 49380, 56.37
TLRL	7, 385, 55.0
TLT	8, 715, 89.38
TN	5, 380, 76.0
TNT	6, 690, 115.0
TOUR	12, 1380, 115.0
TOW	4140, 283935, 68.58
TOWN	13, 1445, 111.15
TOWT	144, 10340, 71.81
TR	2416, 213270, 88.27
TR/C	7428, 635140, 85.51
TR/E	352, 30060, 85.4
TRA	51, 5485, 107.55
TRAC	60846, 5561320, 91.4
TRAI	10825, 612015, 56.54
TRAK	8, 850, 106.25
TRAL	95, 7070, 74.42
TRAN	12, 850, 70.83
TRAO	12, 870, 72.5
TRAT	18, 1560, 86.67
TRAU	22, 2220, 100.91
TRAV	265, 21465, 81.0
TRC	673, 63695, 94.64
TRCK	23, 2205, 95.87
TRCR	7, 555, 79.29
TRCT	10, 970, 97.0
TRI	44, 3105, 70.57
TRIA	9, 775, 86.11
TRIL	21, 1850, 88.1
TRIR	26, 1955, 75.19
TRK	5268, 308700, 58.6
TRKT	10, 1450, 145.0
TRL	3743, 253825, 67.81
TRLC	12, 580, 48.33
TRLE	9, 480, 53.33
TRLK	7, 455, 65.0
TRLR	40601, 2884480, 71.04
TRLT	5, 505, 101.0
TRR	12, 1100, 91.67
TRT	732, 73240, 100.05
TRTL	62, 4080, 65.81
TRTR	29, 2420, 83.45
TRU	6, 500, 83.33
TRU-	6, 300, 50.0
TRUC	5241, 489920, 93.48
TRUK	7, 615, 87.86
TT	857, 71440, 83.36
TTRA	6, 390, 65.0
TU	7, 350, 50.0
TUDO	14, 700, 50.0
TWOD	854, 68725, 80.47
TWOW	6, 585, 97.5
TY	15, 750, 50.0
UD	7, 630, 90.0
UHAU	40, 2930, 73.25
UITL	9, 965, 107.22
UP	12, 600, 50.0
UPS	52, 5870, 112.88
UT	8775, 440945, 50.25
UTI	13, 1340, 103.08
UTIC	9, 985, 109.44
UTIL	63751, 5052550, 79.25
UTL	36, 3965, 110.14
UTLI	6, 690, 115.0
V	8, 755, 94.38
VA	109, 5450, 50.0
VAN	1334455, 98868500, 74.09
VANH	10, 1000, 100.0
VANT	76, 8190, 107.76
VEH-	152, 7600, 50.0
VESP	15, 1050, 70.0
VN	4721, 236065, 50.0
VNLE	5, 250, 50.0
VNRE	9, 450, 50.0
VNXS	5, 250, 50.0
W	7, 615, 87.86
W/DR	631, 47775, 75.71
WAG	80, 4130, 51.63
WAGO	27411, 1375455, 50.18
WG	116, 5800, 50.0
WGN	35, 3550, 101.43
WH	16, 1675, 104.69
WHEE	5, 505, 101.0
WHIT	25, 2390, 95.6
WHT	7, 735, 105.0
WINN	5, 280, 56.0
WORK	35, 3580, 102.29
WSR	13, 1055, 81.15
XPL	12, 600, 50.0
XTER	8, 415, 51.88
Y	48, 2660, 55.42
YELL	6, 405, 67.5
YY	109, 5450, 50.0
