Type	Count, Total Dollars, Average
00	13, 650, 50.0
12PU	99, 4950, 50.0
12VN	13, 650, 50.0
2 DO	21, 1050, 50.0
2 DR	4244, 212200, 50.0
200	5, 250, 50.0
2C	108, 5400, 50.0
2CV	35, 1750, 50.0
2D	1759, 87950, 50.0
2D H	32, 1600, 50.0
2D S	75, 3750, 50.0
2DHT	50, 2500, 50.0
2DSD	307325, 19106915, 62.17
2DSE	5, 250, 50.0
2H	339, 16950, 50.0
2HB	5, 250, 50.0
2HLE	6, 300, 50.0
2L	6, 300, 50.0
2S	515, 25750, 50.0
2SLE	10, 500, 50.0
2W	47, 2350, 50.0
300	14, 700, 50.0
325	6, 300, 50.0
328	7, 350, 50.0
330	8, 400, 50.0
350	6, 300, 50.0
3D	58, 2900, 50.0
3P	18, 900, 50.0
3S	16, 800, 50.0
4	24, 1200, 50.0
4 D	5, 250, 50.0
4 DO	1300, 65000, 50.0
4 DR	52196, 2609800, 50.0
4C	54, 2700, 50.0
4D	32448, 1622400, 50.0
4D H	83, 4150, 50.0
4D S	3264, 163200, 50.0
4DHB	18, 900, 50.0
4DHT	76, 3800, 50.0
4DOO	11, 550, 50.0
4DR	28, 1400, 50.0
4DRS	6, 300, 50.0
4DSD	3195788, 197413355, 61.77
4DSE	523, 26150, 50.0
4DSW	143, 7150, 50.0
4DY	74, 3700, 50.0
4H	1213, 60650, 50.0
4HLE	7, 350, 50.0
4L	6, 300, 50.0
4S	15861, 793050, 50.0
4SLE	144, 7200, 50.0
4SRE	37, 1850, 50.0
4SXS	35, 1750, 50.0
4T	5, 250, 50.0
4W	4912, 245600, 50.0
4WHE	121, 6050, 50.0
4WY	44, 2200, 50.0
535	6, 300, 50.0
550	6, 300, 50.0
5D	535, 26750, 50.0
5DHB	7, 350, 50.0
5H	26, 1300, 50.0
5W	5, 250, 50.0
8V	22, 1100, 50.0
A	48, 4615, 96.15
AA4	6, 300, 50.0
AA6	5, 250, 50.0
ACC	72, 3600, 50.0
ACUR	7, 575, 82.14
ALL	5, 250, 50.0
ALT	63, 3150, 50.0
AMB	14, 760, 54.29
APP	81, 6400, 79.01
APPO	95, 9230, 97.16
APPT	11, 1365, 124.09
APUR	265, 13265, 50.06
AR	228, 11530, 50.57
ARME	6, 690, 115.0
ARMO	43, 4995, 116.16
ATL	6, 300, 50.0
ATV	12, 745, 62.08
AVA	7, 350, 50.0
B	7, 680, 97.14
BENZ	46, 2300, 50.0
BIK	6, 360, 60.0
BIKE	36, 2755, 76.53
BK	11, 905, 82.27
BL	6, 570, 95.0
BLAC	13, 975, 75.0
BLAZ	7, 350, 50.0
BLK	8, 700, 87.5
BLUE	8, 665, 83.13
BOAT	3251, 209355, 64.4
BOX	36, 2050, 56.94
BOXT	263, 18520, 70.42
BR	5, 575, 115.0
BS	1520, 108755, 71.55
BTRU	5, 435, 87.0
BU	180, 9620, 53.44
BUDG	7, 495, 70.71
BUS	50423, 4184295, 82.98
C	13, 1030, 79.23
C&C	6, 300, 50.0
C4	14, 700, 50.0
CADI	5, 640, 128.0
CAM	53, 2650, 50.0
CAMP	8, 505, 63.13
CAMR	6, 595, 99.17
CARR	192, 9600, 50.0
CB	31, 2435, 78.55
CBT	5, 250, 50.0
CC	54, 2700, 50.0
CG	214, 10700, 50.0
CGY	6, 300, 50.0
CH	18, 900, 50.0
CHA	9, 450, 50.0
CHAR	10, 1150, 115.0
CHER	27, 1350, 50.0
CHEV	6, 495, 82.5
CHK	6, 300, 50.0
CHRY	5, 435, 87.0
CIV	40, 2000, 50.0
CMIX	306, 18935, 61.88
CN	271, 13595, 50.17
CNVT	64, 3265, 51.02
COA	27, 1350, 50.0
COAC	11, 1540, 140.0
COM	23, 1945, 84.57
COMM	26, 2210, 85.0
COMP	10, 695, 69.5
COMT	6, 540, 90.0
CON	864, 43560, 50.42
CONS	6, 690, 115.0
CONT	8, 430, 53.75
CONU	8, 585, 73.13
CONV	53202, 3258280, 61.24
COOP	6, 565, 94.17
COUP	524, 29925, 57.11
COUR	9, 875, 97.22
CP	3451, 172540, 50.0
CPRE	7, 350, 50.0
CPY	16, 800, 50.0
CRAN	7, 580, 82.86
CREW	17, 850, 50.0
CRV	19, 1015, 53.42
CRZ	8, 400, 50.0
CTR	5, 525, 105.0
CUST	226, 17405, 77.01
CV	692, 34695, 50.14
CVN	8, 400, 50.0
CW	156, 7800, 50.0
CYCL	76, 5010, 65.92
D	5, 555, 111.0
DEAL	6, 480, 80.0
DEL	10, 850, 85.0
DELI	62, 5845, 94.27
DELV	789710, 73564805, 93.15
DEMA	13, 1395, 107.31
DETA	16, 1320, 82.5
DEW	6, 540, 90.0
DOOR	12, 680, 56.67
DS	28, 1400, 50.0
DSD	24, 1475, 61.46
DUMP	12253, 999475, 81.57
DURA	10, 500, 50.0
E	7, 750, 107.14
E35	16, 800, 50.0
EC	41, 2050, 50.0
ECP	8, 400, 50.0
EDG	5, 250, 50.0
EIGH	9, 685, 76.11
ELN	12, 600, 50.0
EMVR	151, 12475, 82.62
ENV	5, 250, 50.0
EPD	11, 550, 50.0
EQX	9, 450, 50.0
ES	217, 10860, 50.05
ESCA	26, 1410, 54.23
ESY	6, 300, 50.0
EXP	6, 300, 50.0
EXPE	34, 1810, 53.24
EXPL	52, 2600, 50.0
EXT	52, 2600, 50.0
F15	6, 300, 50.0
F65	11, 550, 50.0
FB	12, 665, 55.42
FEDE	7, 805, 115.0
FIAT	79, 7360, 93.16
FIE	6, 300, 50.0
FIVE	19, 2195, 115.53
FLAT	15082, 1360800, 90.23
FLEE	6, 690, 115.0
FOC	13, 650, 50.0
FODO	261, 13050, 50.0
FORD	23, 2110, 91.74
FORK	6, 360, 60.0
FOUR	4391, 347330, 79.1
FPM	27, 2070, 76.67
FREG	17, 1735, 102.06
FREI	398, 38490, 96.71
FRHT	5, 375, 75.0
FUS	8, 400, 50.0
FX3	5, 250, 50.0
G	5, 450, 90.0
G35	15, 750, 50.0
GARB	13, 1145, 88.08
GCH	19, 950, 50.0
GMC	9, 765, 85.0
GOV	22, 2530, 115.0
GRAY	11, 1135, 103.18
GREY	11, 985, 89.55
GY	10, 830, 83.0
H	6, 530, 88.33
H/IN	29, 2640, 91.03
H/TR	57, 4795, 84.12
H/WH	593, 35930, 60.59
HATC	340, 17330, 50.97
HB	412, 20600, 50.0
HGH	10, 500, 50.0
HINO	22, 2265, 102.95
HRSE	177, 9715, 54.89
HWH	62, 4235, 68.31
HY	5, 250, 50.0
HYUN	7, 725, 103.57
I	1059, 96035, 90.68
IA	7, 610, 87.14
IC	5, 245, 49.0
ICEC	7, 725, 103.57
II	119, 10985, 92.31
III	21, 1970, 93.81
IIN	7, 735, 105.0
IJ	5, 380, 76.0
IL	18, 1540, 85.56
IMP	16, 800, 50.0
IN	42, 4040, 96.19
INTE	94, 8865, 94.31
IR	20, 2215, 110.75
IS	17, 1715, 100.88
ISUZ	10, 895, 89.5
J	11, 975, 88.64
JEEP	100, 8785, 87.85
JET	10, 500, 50.0
JP	51, 2550, 50.0
KENW	10, 1100, 110.0
L	26, 2145, 82.5
LAND	7, 345, 49.29
LB	15, 815, 54.33
LCOM	8, 765, 95.63
LIFT	5, 315, 63.0
LIM	2062, 184065, 89.27
LIMO	339, 22005, 64.91
LINC	5, 505, 101.0
LIVE	9, 900, 100.0
LL	1256, 63140, 50.27
LM	7, 350, 50.0
LR	5, 405, 81.0
LSV	11, 690, 62.73
LT	7, 555, 79.29
LTR	12, 770, 64.17
LTRL	257, 19340, 75.25
M	11, 930, 84.55
M35	7, 350, 50.0
MACK	23, 2430, 105.65
MAL	12, 600, 50.0
MAMA	6, 690, 115.0
MAX	25, 1250, 50.0
MB	5, 415, 83.0
MC	1143, 74860, 65.49
MCC	560, 37495, 66.96
MCI	9, 770, 85.56
MCT	5, 305, 61.0
MCY	36646, 2433850, 66.42
MDX	11, 550, 50.0
MEBE	7, 605, 86.43
MED	5, 325, 65.0
MERC	6, 480, 80.0
MH	14, 700, 50.0
MIC	6, 430, 71.67
MIFU	13, 1085, 83.46
MINI	256, 15170, 59.26
MK	8, 655, 81.88
MOBI	9, 585, 65.0
MOBL	721, 56230, 77.99
MOPD	114, 5700, 50.0
MOPE	40, 3095, 77.38
MOT	565, 45135, 79.88
MOTM	6, 465, 77.5
MOTO	1869, 151650, 81.14
MOTR	6, 585, 97.5
MP	4981, 249050, 50.0
MPVH	17, 850, 50.0
MS	17, 1105, 65.0
MTC	5, 555, 111.0
MTN	7, 350, 50.0
MTRH	13, 650, 50.0
MUR	9, 450, 50.0
MUS	8, 400, 50.0
MV	9, 450, 50.0
MYC	8, 680, 85.0
MZ3	9, 450, 50.0
MZ6	6, 300, 50.0
N	165, 15120, 91.64
N/A	216, 10800, 50.0
NA	10, 815, 81.5
NAV	5, 250, 50.0
NI	26, 2310, 88.85
NIS	14, 960, 68.57
NL	9, 805, 89.44
NN	20, 1910, 95.5
NR	6, 620, 103.33
NS	70, 6905, 98.64
NTTR	8, 400, 50.0
O	8, 725, 90.63
ODY	21, 1050, 50.0
OMNI	36, 4425, 122.92
OMR	17, 1400, 82.35
OMS	6, 580, 96.67
OMT	18, 1670, 92.78
OPT	8, 400, 50.0
OTHE	6, 330, 55.0
OTK	5, 425, 85.0
P	5, 405, 81.0
P-U	26100, 2368595, 90.75
P/SH	806, 54170, 67.21
PAS	26, 1680, 64.62
PASS	56, 3060, 54.64
PATH	18, 900, 50.0
PC	25, 1445, 57.8
PCF	7, 350, 50.0
PEDI	27, 2875, 106.48
PERM	15, 1015, 67.67
PETE	10, 910, 91.0
PICK	281287, 18569520, 66.02
PK	1502, 75260, 50.11
PKUP	3898, 194910, 50.0
PLT	18, 900, 50.0
PLU	5, 470, 94.0
POLE	114, 8160, 71.58
PORS	6, 670, 111.67
PRI	7, 350, 50.0
PS	8, 400, 50.0
PSVA	45, 2250, 50.0
PTH	5, 250, 50.0
PU	249, 12940, 51.97
PV	431, 21615, 50.15
Q	20, 1815, 90.75
R	96, 8975, 93.49
R/RD	221, 18380, 83.17
RAV	20, 1015, 50.75
RBM	33, 2055, 62.27
RD	26, 1520, 58.46
RD/S	77, 5160, 67.01
RDX	8, 400, 50.0
RE	7, 640, 91.43
RED	10, 990, 99.0
REF	97, 9630, 99.28
REFE	24, 2540, 105.83
REFG	84625, 7476555, 88.35
REFH	6, 620, 103.33
REFI	57, 5780, 101.4
REFR	254, 24295, 95.65
REG	13, 1315, 101.15
REIG	6, 580, 96.67
RF	25, 2590, 103.6
RFG	8, 770, 96.25
RGE	15, 750, 50.0
RI	14, 1340, 95.71
RL	15, 1340, 89.33
RLL	5, 525, 105.0
RN	10, 1010, 101.0
ROAD	5, 330, 66.0
ROVE	7, 350, 50.0
RPLC	64, 5465, 85.39
RR	11, 580, 52.73
RRV	11, 550, 50.0
RS	18, 1245, 69.17
RV	17, 1440, 84.71
S	65, 6085, 93.62
S/SP	799, 55135, 69.01
SCHO	95, 7805, 82.16
SCL	7, 475, 67.86
SCOM	12, 1230, 102.5
SCOO	126, 10235, 81.23
SD	3388, 169400, 50.0
SDN	477086, 40419490, 84.72
SE	148, 7655, 51.72
SEB	5, 250, 50.0
SEDA	2793, 139715, 50.02
SEDN	5350, 377695, 70.6
SEM	16, 1140, 71.25
SEMI	3420, 220285, 64.41
SEMT	7, 525, 75.0
SEN	5, 265, 53.0
SFE	21, 1050, 50.0
SI	18, 1750, 97.22
SILV	6, 480, 80.0
SL	11, 795, 72.27
SLV	7, 350, 50.0
SMAR	35, 2970, 84.86
SN	9, 835, 92.78
SN/P	352, 21335, 60.61
SNA	7, 425, 60.71
SOL	25, 1250, 50.0
SON	35, 1825, 52.14
SOR	14, 700, 50.0
SP	7, 350, 50.0
SPOR	35, 1825, 52.14
SPR	9, 530, 58.89
SR	12, 1055, 87.92
SRF	20, 1740, 87.0
SS	5, 425, 85.0
ST	170, 8625, 50.74
ST W	1541, 77050, 50.0
STA	6, 300, 50.0
STAC	9, 860, 95.56
STAK	5990, 437770, 73.08
STAR	8, 870, 108.75
STAT	26, 2305, 88.65
STN	38, 1900, 50.0
STWA	187, 9540, 51.02
SU	4528, 226400, 50.0
SUB	31, 1665, 53.71
SUBA	12, 1075, 89.58
SUBN	3627426, 231465225, 63.81
SUBU	177, 9135, 51.61
SULE	28, 1400, 50.0
SUV	1042, 57435, 55.12
SUW	25, 1250, 50.0
SV	1289, 64670, 50.17
SVY	11, 550, 50.0
SW	22157, 1110835, 50.13
SWLE	13, 650, 50.0
SWT	2673, 172270, 64.45
T	16, 1865, 116.56
T/CR	12619, 1075230, 85.21
TAC	9, 790, 87.78
TACT	5, 365, 73.0
TAH	8, 400, 50.0
TAHO	20, 1000, 50.0
TAIL	8, 520, 65.0
TAN	7, 465, 66.43
TANK	1787, 138525, 77.52
TARC	10, 980, 98.0
TAXI	62835, 4626925, 73.64
TB	20, 1260, 63.0
TBZ	9, 450, 50.0
TC	9, 865, 96.11
TCN	5, 250, 50.0
TCR	21, 1855, 88.33
TEMP	8, 610, 76.25
TF	50, 5445, 108.9
TIT	25, 1915, 76.6
TK	28990, 2319820, 80.02
TKL	5, 295, 59.0
TKLE	108, 5400, 50.0
TKR	8, 730, 91.25
TKRE	9, 580, 64.44
TKTR	22, 4450, 202.27
TL	651, 67295, 103.37
TLC	17, 1625, 95.59
TLR	812, 47400, 58.37
TLRL	20, 960, 48.0
TLT	8, 715, 89.38
TNAC	11, 1265, 115.0
TNC	6, 410, 68.33
TNT	11, 1110, 100.91
TOW	4466, 303315, 67.92
TOWD	8, 865, 108.13
TOWT	119, 9460, 79.5
TR	3280, 286775, 87.43
TR/C	8939, 755710, 84.54
TR/E	450, 38255, 85.01
TRA	36, 3570, 99.17
TRAC	73297, 6654305, 90.79
TRAE	10, 1070, 107.0
TRAI	9685, 563570, 58.19
TRAK	16, 1110, 69.38
TRAL	74, 5310, 71.76
TRAN	20, 1490, 74.5
TRAT	16, 1560, 97.5
TRAU	9, 795, 88.33
TRAV	352, 27580, 78.35
TRC	719, 67055, 93.26
TRCK	15, 1300, 86.67
TRCT	18, 1700, 94.44
TRE	5, 575, 115.0
TREI	5, 365, 73.0
TRI	34, 2335, 68.68
TRIA	10, 780, 78.0
TRIC	7, 675, 96.43
TRIL	22, 1560, 70.91
TRIR	16, 1000, 62.5
TRK	6016, 347380, 57.74
TRKT	10, 940, 94.0
TRL	3665, 243460, 66.43
TRLC	7, 550, 78.57
TRLE	15, 675, 45.0
TRLR	42596, 2954200, 69.35
TRLT	5, 360, 72.0
TRR	12, 790, 65.83
TRT	705, 66060, 93.7
TRTL	67, 4140, 61.79
TRTR	33, 2935, 88.94
TRU	5, 415, 83.0
TRU-	6, 300, 50.0
TRUC	5966, 539005, 90.35
TRUK	5, 455, 91.0
TRUV	6, 495, 82.5
TRV	5, 250, 50.0
TT	910, 82915, 91.12
TUDO	9, 450, 50.0
TUN	5, 250, 50.0
TWOA	5, 325, 65.0
TWOD	1223, 96020, 78.51
TWOW	9, 835, 92.78
UD	10, 1010, 101.0
UHAL	7, 430, 61.43
UHAU	59, 4160, 70.51
UITI	8, 870, 108.75
UITL	17, 1635, 96.18
UNK	7, 605, 86.43
UNL	5, 575, 115.0
UNTI	12, 1280, 106.67
UP	35, 1750, 50.0
UPS	39, 4310, 110.51
UPST	5, 575, 115.0
UT	10751, 539615, 50.19
UTI	13, 1445, 111.15
UTIC	14, 1420, 101.43
UTIL	81703, 6548660, 80.15
UTL	43, 4865, 113.14
UTLI	5, 540, 108.0
V	11, 1195, 108.64
VA	147, 7350, 50.0
VAN	1569724, 115922310, 73.85
VANH	5, 505, 101.0
VANT	37, 3575, 96.62
VC	7, 350, 50.0
VEH-	185, 9250, 50.0
VEHI	9, 585, 65.0
VESP	23, 1425, 61.96
VN	6041, 302180, 50.02
VNLE	10, 500, 50.0
VOLK	6, 550, 91.67
VRS	8, 400, 50.0
W/DR	770, 59300, 77.01
WAG	156, 8125, 52.08
WAGO	32877, 1648955, 50.16
WBN	9, 1165, 129.44
WG	89, 4450, 50.0
WGN	37, 3875, 104.73
WH	20, 1715, 85.75
WHIT	30, 2740, 91.33
WINN	5, 535, 107.0
WORK	41, 4260, 103.9
WSR	39, 3040, 77.95
X5	10, 500, 50.0
XC9	6, 300, 50.0
XPL	15, 750, 50.0
XTER	12, 625, 52.08
Y	76, 3945, 51.91
YAMA	7, 555, 79.29
YDSD	7, 715, 102.14
YUK	6, 300, 50.0
YY	131, 6565, 50.11
