Type	Count, Total Dollars, Average
00	7, 350, 50.0
12PU	77, 3850, 50.0
2 DO	25, 1250, 50.0
2 DR	3340, 167000, 50.0
250	5, 250, 50.0
2C	82, 4100, 50.0
2CV	31, 1550, 50.0
2D	1362, 68100, 50.0
2D H	13, 650, 50.0
2D S	96, 4800, 50.0
2DHT	51, 2550, 50.0
2DSD	260858, 16119745, 61.8
2DSE	9, 450, 50.0
2H	234, 11700, 50.0
2HB	8, 400, 50.0
2L	7, 350, 50.0
2S	486, 24300, 50.0
2SLE	8, 400, 50.0
2W	28, 1400, 50.0
300	17, 850, 50.0
328	6, 300, 50.0
350	6, 300, 50.0
3D	73, 3650, 50.0
3P	18, 900, 50.0
3S	13, 650, 50.0
4	23, 1150, 50.0
4 D	10, 500, 50.0
4 DO	915, 45750, 50.0
4 DR	41868, 2093400, 50.0
4C	35, 1750, 50.0
4D	24760, 1238000, 50.0
4D H	67, 3350, 50.0
4D S	4409, 220450, 50.0
4DHB	11, 550, 50.0
4DHT	82, 4100, 50.0
4DOO	95, 4750, 50.0
4DR	15, 750, 50.0
4DSD	2714556, 166898960, 61.48
4DSE	402, 20100, 50.0
4DSW	109, 5450, 50.0
4DY	72, 3600, 50.0
4H	990, 49500, 50.0
4S	13449, 672450, 50.0
4SLE	127, 6350, 50.0
4SRE	28, 1400, 50.0
4SXS	18, 900, 50.0
4T	9, 450, 50.0
4W	2795, 139750, 50.0
4WHE	100, 5000, 50.0
4WY	24, 1200, 50.0
535	5, 250, 50.0
5D	508, 25400, 50.0
5H	26, 1300, 50.0
5S	8, 400, 50.0
5W	6, 300, 50.0
8V	17, 850, 50.0
A	45, 4385, 97.44
ACC	60, 3000, 50.0
ACCO	5, 485, 97.0
ACUR	10, 950, 95.0
AI	14, 1470, 105.0
ALT	60, 3000, 50.0
AMB	8, 400, 50.0
AMBU	7, 520, 74.29
APP	121, 9740, 80.5
APPO	48, 5120, 106.67
APPT	5, 425, 85.0
APUR	213, 10650, 50.0
AR	234, 11970, 51.15
ARMO	50, 5750, 115.0
ATL	10, 500, 50.0
ATV	14, 740, 52.86
AUDI	7, 535, 76.43
B	25, 2220, 88.8
BENZ	37, 1850, 50.0
BI	16, 1610, 100.63
BIKE	38, 2710, 71.32
BK	15, 1525, 101.67
BLAC	13, 955, 73.46
BLK	14, 1275, 91.07
BLUE	14, 985, 70.36
BMW	7, 570, 81.43
BOAT	2808, 178255, 63.48
BOX	38, 1995, 52.5
BOXT	251, 17415, 69.38
BOXV	5, 325, 65.0
BR	9, 910, 101.11
BROW	5, 575, 115.0
BS	1275, 87750, 68.82
BU	214, 10850, 50.7
BUDG	7, 500, 71.43
BUS	45324, 4092830, 90.3
BW	5, 575, 115.0
C	10, 905, 90.5
C&C	6, 300, 50.0
C4	13, 650, 50.0
CADI	7, 580, 82.86
CAM	42, 2100, 50.0
CAMP	9, 610, 67.78
CARR	176, 8795, 49.97
CB	20, 1470, 73.5
CC	17, 850, 50.0
CG	143, 7215, 50.45
CH	24, 1200, 50.0
CHA	8, 400, 50.0
CHER	18, 900, 50.0
CHIX	7, 735, 105.0
CHRY	11, 1085, 98.64
CI	11, 1065, 96.82
CIV	14, 700, 50.0
CMIX	307, 19050, 62.05
CN	214, 10715, 50.07
CNVT	53, 2650, 50.0
COA	27, 1350, 50.0
COM	20, 1840, 92.0
COMM	26, 2100, 80.77
CON	738, 37170, 50.37
CONS	7, 465, 66.43
CONT	12, 555, 46.25
CONV	46336, 2831335, 61.1
COOP	8, 745, 93.13
COUP	590, 34190, 57.95
COUR	7, 695, 99.29
COVN	5, 335, 67.0
CP	2625, 131330, 50.03
CPY	9, 450, 50.0
CRAN	6, 500, 83.33
CREW	8, 400, 50.0
CRV	17, 1030, 60.59
CUST	193, 15245, 78.99
CV	516, 25915, 50.22
CW	120, 6000, 50.0
CWY	7, 350, 50.0
CYCL	41, 2810, 68.54
D	8, 690, 86.25
DEAL	6, 440, 73.33
DEL	15, 1655, 110.33
DELI	71, 6480, 91.27
DELT	5, 575, 115.0
DELV	759372, 70687575, 93.09
DEMA	6, 575, 95.83
DETA	13, 1695, 130.38
DETR	5, 1325, 265.0
DOOR	11, 645, 58.64
DS	17, 850, 50.0
DSD	25, 2010, 80.4
DUMP	11696, 951815, 81.38
DURA	11, 550, 50.0
E	21, 1995, 95.0
E35	13, 650, 50.0
EC	20, 1065, 53.25
ECP	7, 350, 50.0
EDG	6, 300, 50.0
EI	7, 680, 97.14
EIGH	9, 685, 76.11
ELN	10, 500, 50.0
EMVR	156, 13675, 87.66
ENV	7, 350, 50.0
EPD	7, 350, 50.0
EQX	8, 400, 50.0
ER	44, 4150, 94.32
ES	113, 5775, 51.11
ESCA	21, 1045, 49.76
ESY	6, 300, 50.0
EXP	9, 450, 50.0
EXPE	21, 1050, 50.0
EXPL	58, 2965, 51.12
EXT	28, 1400, 50.0
F	9, 775, 86.11
F15	5, 250, 50.0
F65	7, 350, 50.0
FB	8, 465, 58.13
FEDE	13, 1425, 109.62
FIAT	99, 10095, 101.97
FIRE	8, 530, 66.25
FIVE	22, 2580, 117.27
FLAT	15298, 1389925, 90.86
FLEE	15, 1725, 115.0
FODO	238, 11900, 50.0
FORD	12, 1145, 95.42
FOUR	4509, 343720, 76.23
FPM	19, 1745, 91.84
FREG	15, 1505, 100.33
FREI	416, 41250, 99.16
FRIE	5, 475, 95.0
FRIG	5, 495, 99.0
FUS	7, 350, 50.0
G35	6, 300, 50.0
GAL	8, 400, 50.0
GARB	8, 920, 115.0
GCH	7, 350, 50.0
GK3	5, 250, 50.0
GMC	6, 580, 96.67
GMCB	6, 390, 65.0
GOV	12, 1380, 115.0
GREY	7, 545, 77.86
H	11, 915, 83.18
H/IN	33, 2770, 83.94
H/TR	39, 2755, 70.64
H/WH	525, 32205, 61.34
HATC	303, 15450, 50.99
HB	368, 18400, 50.0
HGH	5, 250, 50.0
HINO	17, 1695, 99.71
HOND	6, 590, 98.33
HRSE	119, 7110, 59.75
HWH	55, 4050, 73.64
HY	11, 550, 50.0
HYUN	8, 710, 88.75
I	1088, 96930, 89.09
IA	7, 685, 97.86
IC	6, 300, 50.0
ICEC	12, 1250, 104.17
II	174, 14855, 85.37
III	31, 2750, 88.71
IIII	9, 845, 93.89
IIN	12, 1240, 103.33
IIR	7, 665, 95.0
IL	9, 645, 71.67
IM	8, 970, 121.25
IMP	14, 700, 50.0
IN	44, 4250, 96.59
INFI	6, 700, 116.67
INI	5, 575, 115.0
INT	5, 575, 115.0
INTE	76, 7375, 97.04
INTL	6, 515, 85.83
IR	23, 2310, 100.43
IRP	5, 525, 105.0
IS	31, 2735, 88.23
ISUZ	9, 895, 99.44
J	7, 715, 102.14
JEEP	107, 9120, 85.23
JET	8, 400, 50.0
JP	54, 2700, 50.0
KENW	5, 525, 105.0
L	15, 1460, 97.33
LB	16, 930, 58.13
LIFT	5, 315, 63.0
LIM	1703, 148300, 87.08
LIMO	306, 20295, 66.32
LINC	5, 435, 87.0
LIVE	8, 600, 75.0
LL	984, 49255, 50.06
LM	7, 350, 50.0
LOCO	5, 420, 84.0
LSV	15, 1275, 85.0
LTRL	242, 18005, 74.4
M	15, 1235, 82.33
M35	8, 400, 50.0
MACK	24, 2320, 96.67
MAL	11, 550, 50.0
MAX	17, 850, 50.0
MB	5, 450, 90.0
MC	1377, 93265, 67.73
MCC	823, 55565, 67.52
MCI	12, 1660, 138.33
MCIB	5, 575, 115.0
MCT	7, 405, 57.86
MCY	42513, 2905980, 68.36
MDX	5, 250, 50.0
MH	26, 1380, 53.08
MIFU	13, 905, 69.62
MINI	89, 6415, 72.08
MOBL	965, 79950, 82.85
MOPD	127, 6365, 50.12
MOPE	49, 3960, 80.82
MOT	700, 56790, 81.13
MOTC	8, 610, 76.25
MOTM	6, 310, 51.67
MOTO	2671, 216150, 80.92
MOTR	5, 320, 64.0
MP	4047, 202415, 50.02
MPVH	7, 350, 50.0
MS	8, 560, 70.0
MTCY	9, 820, 91.11
MTRH	7, 365, 52.14
MUR	10, 500, 50.0
MUS	7, 350, 50.0
MV	6, 300, 50.0
MYC	26, 2210, 85.0
MZ6	11, 550, 50.0
N	193, 17195, 89.09
N/A	137, 6850, 50.0
NA	11, 970, 88.18
NI	43, 4165, 96.86
NII	7, 885, 126.43
NIS	28, 2085, 74.46
NL	6, 435, 72.5
NN	24, 2150, 89.58
NR	6, 595, 99.17
NS	73, 7075, 96.92
NTTR	12, 600, 50.0
ODY	20, 1000, 50.0
OMB	5, 575, 115.0
OML	8, 795, 99.38
OMNI	33, 3175, 96.21
OMR	19, 2835, 149.21
OMS	21, 1940, 92.38
OMT	24, 2475, 103.13
OTHE	8, 530, 66.25
OUT	6, 300, 50.0
P-U	23745, 2115585, 89.1
P/SH	670, 44400, 66.27
PAS	24, 1500, 62.5
PASS	57, 2925, 51.32
PATH	15, 750, 50.0
PC	19, 1145, 60.26
PCF	10, 500, 50.0
PEDI	33, 3640, 110.3
PENS	6, 640, 106.67
PERM	6, 450, 75.0
PETE	20, 2210, 110.5
PICK	248250, 16373025, 65.95
PK	1161, 58180, 50.11
PKUP	3012, 150600, 50.0
PLT	9, 450, 50.0
POLE	94, 6640, 70.64
PRI	7, 350, 50.0
PSVA	34, 1700, 50.0
PTH	14, 700, 50.0
PU	227, 12370, 54.49
PV	360, 18000, 50.0
Q	17, 1690, 99.41
R	93, 8535, 91.77
R/RD	199, 16225, 81.53
R35	6, 300, 50.0
RAV	7, 415, 59.29
RBM	24, 1470, 61.25
RD	17, 980, 57.65
RD/S	85, 5425, 63.82
RDST	8, 400, 50.0
RE	6, 360, 60.0
RED	14, 1050, 75.0
REF	85, 9020, 106.12
REFE	14, 1455, 103.93
REFG	81610, 7178310, 87.96
REFH	6, 570, 95.0
REFI	48, 4275, 89.06
REFR	201, 19945, 99.23
REG	11, 1160, 105.45
RENT	5, 370, 74.0
RF	25, 2445, 97.8
RFG	5, 500, 100.0
RGE	8, 400, 50.0
RI	41, 3635, 88.66
RIGG	5, 325, 65.0
RII	6, 585, 97.5
RJ	5, 355, 71.0
RL	9, 555, 61.67
RN	8, 850, 106.25
RPLC	67, 5980, 89.25
RR	14, 1000, 71.43
RS	18, 1330, 73.89
RV	41, 3045, 74.27
S	74, 6850, 92.57
S/SP	662, 45490, 68.72
SCHO	44, 3780, 85.91
SCOO	129, 9560, 74.11
SD	2752, 137665, 50.02
SDN	444455, 36461980, 82.04
SE	110, 5775, 52.5
SEDA	2459, 123005, 50.02
SEDN	4606, 316305, 68.67
SEM	12, 1010, 84.17
SEMI	3246, 200370, 61.73
SEMT	8, 820, 102.5
SEN	10, 565, 56.5
SFE	6, 300, 50.0
SI	16, 1465, 91.56
SII	7, 685, 97.86
SILV	14, 1005, 71.79
SLV	10, 500, 50.0
SMAR	34, 2695, 79.26
SN	7, 465, 66.43
SN/P	322, 19645, 61.01
SNA	9, 450, 50.0
SOL	12, 600, 50.0
SON	19, 950, 50.0
SOR	5, 250, 50.0
SP	11, 550, 50.0
SPOR	30, 1740, 58.0
SR	8, 830, 103.75
SRF	22, 2280, 103.64
SRX	8, 395, 49.38
SS	10, 615, 61.5
ST	282, 14165, 50.23
ST W	1994, 99700, 50.0
STAK	5065, 376880, 74.41
STAR	10, 1045, 104.5
STAT	20, 1610, 80.5
STAW	5, 425, 85.0
STEP	7, 475, 67.86
STN	30, 1500, 50.0
STWA	208, 10610, 51.01
SU	3715, 185825, 50.02
SUB	8, 530, 66.25
SUBA	12, 1305, 108.75
SUBN	3087031, 195984300, 63.49
SUBU	113, 5780, 51.15
SULE	22, 1100, 50.0
SUV	881, 49545, 56.24
SUW	6, 300, 50.0
SUZU	6, 500, 83.33
SV	967, 48415, 50.07
SVY	10, 500, 50.0
SW	16926, 848220, 50.11
SWLE	7, 350, 50.0
SWT	2199, 140400, 63.85
T	14, 1265, 90.36
T/CR	10989, 931670, 84.78
TAH	8, 400, 50.0
TAHO	21, 1115, 53.1
TAIL	6, 360, 60.0
TANK	1547, 122215, 79.0
TAXI	58513, 4341280, 74.19
TB	15, 750, 50.0
TBZ	7, 350, 50.0
TCR	17, 1805, 106.18
TEMP	14, 990, 70.71
TF	15, 1525, 101.67
TH	5, 505, 101.0
TIT	20, 1305, 65.25
TK	25263, 2030840, 80.39
TK?	8, 400, 50.0
TKLE	83, 4150, 50.0
TKR	8, 920, 115.0
TKRE	5, 250, 50.0
TKTR	20, 3580, 179.0
TKXS	7, 350, 50.0
TL	796, 85890, 107.9
TLC	17, 1485, 87.35
TLCR	6, 640, 106.67
TLK	14, 1280, 91.43
TLR	929, 51480, 55.41
TLRL	5, 295, 59.0
TLT	17, 1185, 69.71
TNAC	7, 615, 87.86
TNT	15, 1725, 115.0
TOW	4066, 277970, 68.36
TOWD	6, 615, 102.5
TOWN	7, 425, 60.71
TOWT	118, 8680, 73.56
TPK	6, 390, 65.0
TR	2941, 259400, 88.2
TR/C	8930, 751820, 84.19
TR/E	405, 36080, 89.09
TRA	49, 5115, 104.39
TRAC	70044, 6389585, 91.22
TRAI	7935, 474080, 59.75
TRAK	9, 885, 98.33
TRAL	53, 4740, 89.43
TRAN	6, 360, 60.0
TRAT	18, 1490, 82.78
TRAU	14, 990, 70.71
TRAV	309, 23690, 76.67
TRC	709, 70905, 100.01
TRCK	14, 1660, 118.57
TRCT	9, 915, 101.67
TRCU	11, 1065, 96.82
TRE	6, 640, 106.67
TRI	15, 1065, 71.0
TRIA	10, 635, 63.5
TRIL	19, 1625, 85.53
TRIR	18, 1305, 72.5
TRK	5552, 320065, 57.65
TRKT	7, 285, 40.71
TRL	4197, 272495, 64.93
TRLC	11, 805, 73.18
TRLE	11, 585, 53.18
TRLK	9, 565, 62.78
TRLR	37395, 2565510, 68.61
TROC	8, 765, 95.63
TRR	26, 1805, 69.42
TRT	724, 68650, 94.82
TRTL	42, 3150, 75.0
TRTR	32, 2830, 88.44
TRU-	5, 250, 50.0
TRUC	5324, 491360, 92.29
TRUI	5, 425, 85.0
TRUK	5, 575, 115.0
TT	766, 63060, 82.32
TTRA	5, 365, 73.0
TUDO	9, 450, 50.0
TWOD	977, 74245, 75.99
TWOW	17, 1905, 112.06
TX	6, 690, 115.0
TY	6, 300, 50.0
U	7, 685, 97.86
UD	8, 555, 69.38
UHAL	6, 470, 78.33
UHAU	99, 7350, 74.24
UITL	7, 765, 109.29
UK	7, 350, 50.0
UMO	5, 395, 79.0
UNK	12, 780, 65.0
UP	32, 1600, 50.0
UPS	27, 3050, 112.96
UT	8671, 435295, 50.2
UTI	13, 1395, 107.31
UTIC	8, 920, 115.0
UTII	6, 500, 83.33
UTIL	76115, 6032035, 79.25
UTL	50, 5460, 109.2
UTLI	7, 575, 82.14
V	11, 1005, 91.36
VA	120, 6000, 50.0
VAN	1500448, 110520340, 73.66
VANH	6, 690, 115.0
VANT	46, 4260, 92.61
VC	10, 500, 50.0
VEH-	154, 7700, 50.0
VERI	5, 365, 73.0
VESP	34, 2565, 75.44
VN	5108, 255400, 50.0
VNLE	6, 300, 50.0
VNRE	6, 300, 50.0
VOLK	9, 740, 82.22
VRS	9, 450, 50.0
W	6, 590, 98.33
W/DR	610, 44245, 72.53
WAG	15, 945, 63.0
WAGO	26202, 1315060, 50.19
WBN	5, 575, 115.0
WG	62, 3165, 51.05
WGN	14, 1390, 99.29
WH	31, 3150, 101.61
WHIT	24, 2070, 86.25
WIN	6, 300, 50.0
WINN	21, 1500, 71.43
WORK	55, 5725, 104.09
WSR	28, 2270, 81.07
XPL	9, 450, 50.0
Y	60, 3180, 53.0
YELL	5, 435, 87.0
YUK	7, 350, 50.0
YY	119, 5950, 50.0
