Type	Count, Total Dollars, Average
0	2642318, 201972310, 76.44
1970	244, 14925, 61.17
1971	282, 17545, 62.22
1972	333, 21935, 65.87
1973	336, 22510, 66.99
1974	212, 14380, 67.83
1975	269, 17200, 63.94
1976	253, 16445, 65.0
1977	395, 25955, 65.71
1978	443, 28675, 64.73
1979	532, 34110, 64.12
1980	611, 44515, 72.86
1981	605, 36320, 60.03
1982	671, 41520, 61.88
1983	967, 66660, 68.93
1984	1585, 105680, 66.68
1985	3381, 270230, 79.93
1986	7471, 610485, 81.71
1987	9996, 797085, 79.74
1988	21742, 1924765, 88.53
1989	12889, 1063610, 82.52
1990	23853, 2047930, 85.86
1991	9032, 618590, 68.49
1992	18806, 1452295, 77.23
1993	20460, 1481230, 72.4
1994	28501, 2012230, 70.6
1995	60984, 4615310, 75.68
1996	65954, 4885200, 74.07
1997	111969, 8283000, 73.98
1998	123865, 8562850, 69.13
1999	160118, 10790235, 67.39
2001	253602, 17198720, 67.82
2002	296565, 19506805, 65.78
2003	343051, 22325075, 65.08
2004	400571, 26846050, 67.02
2005	437107, 29487070, 67.46
2006	476362, 32731180, 68.71
2007	534513, 36815980, 68.88
2008	454617, 29639015, 65.2
2009	359629, 24190225, 67.26
2010	404583, 26546395, 65.61
2011	502640, 33164235, 65.98
2012	616200, 41113710, 66.72
2013	836939, 54448725, 65.06
2014	764455, 50360175, 65.88
2015	711598, 45871380, 64.46
2016	428635, 28329195, 66.09
2017	141418, 9362030, 66.2
2018	1038, 91645, 88.29
2019	201, 18080, 89.95
2020	136, 11360, 83.53
2021	75, 6740, 89.87
2022	41, 3460, 84.39
2023	24, 2095, 87.29
2024	30, 2140, 71.33
2025	23, 1970, 85.65
2026	11, 890, 80.91
2027	14, 1390, 99.29
2028	13, 975, 75.0
2029	13, 990, 76.15
2030	10, 865, 86.5
2031	15, 1050, 70.0
2032	7, 585, 83.57
2037	6, 365, 60.83
2039	5, 325, 65.0
2040	6, 420, 70.0
2041	14, 1045, 74.64
2042	5, 555, 111.0
2045	10, 1030, 103.0
2046	7, 490, 70.0
2047	10, 805, 80.5
2048	15, 1005, 67.0
2049	15, 980, 65.33
2050	22, 1665, 75.68
2051	15, 970, 64.67
2052	13, 1085, 83.46
2053	13, 890, 68.46
2054	12, 690, 57.5
2055	35, 2010, 57.43
2056	27, 1800, 66.67
2057	37, 2680, 72.43
2058	19, 1380, 72.63
2059	28, 1845, 65.89
2060	20, 1205, 60.25
2061	98, 4990, 50.92
2062	92, 5525, 60.05
2063	101, 6365, 63.02
2064	94, 6635, 70.59
2065	93, 6030, 64.84
2066	186, 12615, 67.82
2067	145, 9475, 65.34
2068	199, 12760, 64.12
2069	164, 10485, 63.93
