Type	Count, Total Dollars, Average
0	2441560, 183312685, 75.08
1970	211, 13050, 61.85
1971	305, 18535, 60.77
1972	267, 17595, 65.9
1973	337, 21965, 65.18
1974	281, 20110, 71.57
1975	272, 17335, 63.73
1976	302, 18955, 62.76
1977	356, 23155, 65.04
1978	493, 30575, 62.02
1979	569, 34660, 60.91
1980	698, 49890, 71.48
1981	644, 38755, 60.18
1982	664, 42495, 64.0
1983	1087, 73580, 67.69
1984	1744, 126115, 72.31
1985	2839, 224590, 79.11
1986	7017, 562980, 80.23
1987	10360, 809760, 78.16
1988	21389, 1862820, 87.09
1989	12345, 992120, 80.37
1990	22578, 1926620, 85.33
1991	9008, 618530, 68.66
1992	17550, 1326375, 75.58
1993	20080, 1427165, 71.07
1994	28103, 1981805, 70.52
1995	60731, 4631115, 76.26
1996	62598, 4557050, 72.8
1997	106005, 7764240, 73.24
1998	119031, 8156680, 68.53
1999	150875, 10079205, 66.81
2001	235921, 15806070, 67.0
2002	272652, 17741825, 65.07
2003	310736, 19985555, 64.32
2004	359355, 23874755, 66.44
2005	393282, 26287200, 66.84
2006	426736, 28938830, 67.81
2007	487400, 33244125, 68.21
2008	406537, 26254600, 64.58
2009	321582, 21366520, 66.44
2010	363422, 23699110, 65.21
2011	453838, 29558625, 65.13
2012	558759, 36829500, 65.91
2013	743286, 47673820, 64.14
2014	640498, 41716140, 65.13
2015	514065, 33144880, 64.48
2016	244302, 16193055, 66.28
2017	59698, 3942215, 66.04
2018	936, 82565, 88.21
2019	170, 14825, 87.21
2020	119, 10635, 89.37
2021	63, 5365, 85.16
2022	17, 1555, 91.47
2023	20, 1640, 82.0
2024	28, 2075, 74.11
2025	15, 1480, 98.67
2026	15, 1005, 67.0
2027	15, 1360, 90.67
2028	16, 1400, 87.5
2029	10, 870, 87.0
2030	13, 830, 63.85
2031	6, 360, 60.0
2032	6, 435, 72.5
2033	8, 620, 77.5
2036	5, 495, 99.0
2037	9, 560, 62.22
2038	5, 235, 47.0
2039	5, 330, 66.0
2040	10, 750, 75.0
2041	19, 1630, 85.79
2042	10, 940, 94.0
2044	7, 665, 95.0
2045	16, 1430, 89.38
2046	9, 730, 81.11
2047	20, 1690, 84.5
2048	8, 665, 83.13
2049	20, 1435, 71.75
2050	38, 2900, 76.32
2051	14, 870, 62.14
2052	22, 1355, 61.59
2053	22, 1360, 61.82
2054	23, 1435, 62.39
2055	62, 4185, 67.5
2056	34, 2445, 71.91
2057	25, 1635, 65.4
2058	16, 1335, 83.44
2059	17, 1240, 72.94
2060	27, 2035, 75.37
2061	157, 7615, 48.5
2062	63, 3870, 61.43
2063	81, 5260, 64.94
2064	136, 9495, 69.82
2065	145, 9345, 64.45
2066	186, 12185, 65.51
2067	206, 13125, 63.71
2068	275, 17735, 64.49
2069	161, 10365, 64.38
