Type	Count, Total Dollars, Average
0	2317591, 178142230, 76.87
1970	181, 12215, 67.49
1971	227, 13275, 58.48
1972	210, 15000, 71.43
1973	200, 12720, 63.6
1974	161, 10215, 63.45
1975	265, 19060, 71.92
1976	199, 13785, 69.27
1977	326, 20860, 63.99
1978	350, 21925, 62.64
1979	469, 29040, 61.92
1980	452, 31465, 69.61
1981	387, 23500, 60.72
1982	574, 36300, 63.24
1983	794, 50940, 64.16
1984	1251, 81490, 65.14
1985	2751, 217565, 79.09
1986	5990, 475460, 79.38
1987	8610, 663445, 77.06
1988	18693, 1633770, 87.4
1989	11224, 906655, 80.78
1990	20624, 1749310, 84.82
1991	7815, 526890, 67.42
1992	16424, 1239370, 75.46
1993	18088, 1288895, 71.26
1994	26182, 1832465, 69.99
1995	55252, 4143570, 74.99
1996	61251, 4515190, 73.72
1997	101010, 7426070, 73.52
1998	113441, 7786435, 68.64
1999	145772, 9835805, 67.47
2001	231832, 15668180, 67.58
2002	271172, 17791600, 65.61
2003	310319, 20253930, 65.27
2004	358396, 23882060, 66.64
2005	390310, 26237985, 67.22
2006	421723, 28748985, 68.17
2007	471249, 32259590, 68.46
2008	403039, 26208175, 65.03
2009	318872, 21287890, 66.76
2010	362090, 23745555, 65.58
2011	455743, 29994680, 65.81
2012	560918, 37204860, 66.33
2013	763537, 49323680, 64.6
2014	677520, 44128725, 65.13
2015	597553, 38197645, 63.92
2016	319651, 20723655, 64.83
2017	67536, 4384530, 64.92
2018	358, 32115, 89.71
2019	189, 17440, 92.28
2020	133, 10800, 81.2
2021	56, 5165, 92.23
2022	31, 2570, 82.9
2023	17, 1455, 85.59
2024	39, 3055, 78.33
2025	19, 1505, 79.21
2026	14, 1225, 87.5
2027	12, 1065, 88.75
2028	10, 920, 92.0
2029	15, 1135, 75.67
2031	10, 900, 90.0
2032	10, 810, 81.0
2037	10, 805, 80.5
2038	5, 245, 49.0
2040	10, 735, 73.5
2041	12, 980, 81.67
2042	10, 1005, 100.5
2044	13, 820, 63.08
2045	7, 725, 103.57
2046	7, 730, 104.29
2047	15, 985, 65.67
2048	6, 570, 95.0
2049	14, 1115, 79.64
2050	11, 770, 70.0
2051	6, 470, 78.33
2052	12, 870, 72.5
2054	23, 1305, 56.74
2055	24, 1355, 56.46
2056	31, 2035, 65.65
2057	24, 1690, 70.42
2058	19, 1360, 71.58
2059	11, 965, 87.73
2060	9, 600, 66.67
2061	41, 2410, 58.78
2062	51, 3415, 66.96
2063	80, 4905, 61.31
2064	55, 3775, 68.64
2065	111, 7665, 69.05
2066	125, 8165, 65.32
2067	134, 8475, 63.25
2068	170, 10320, 60.71
2069	151, 10205, 67.58
