Type	Count, Total Dollars, Average
0	2625894, 198228575, 75.49
1970	288, 18445, 64.05
1971	360, 21875, 60.76
1972	323, 21300, 65.94
1973	319, 20650, 64.73
1974	275, 18665, 67.87
1975	271, 16845, 62.16
1976	359, 22990, 64.04
1977	491, 31395, 63.94
1978	487, 31670, 65.03
1979	688, 43940, 63.87
1980	674, 48745, 72.32
1981	617, 38995, 63.2
1982	866, 56875, 65.68
1983	1125, 71500, 63.56
1984	1772, 117595, 66.36
1985	3602, 274385, 76.18
1986	7572, 616605, 81.43
1987	11130, 856780, 76.98
1988	22790, 1987435, 87.21
1989	13989, 1117335, 79.87
1990	23541, 1964805, 83.46
1991	10162, 678875, 66.81
1992	19403, 1439960, 74.21
1993	22643, 1584365, 69.97
1994	33280, 2343890, 70.43
1995	69115, 5212190, 75.41
1996	73142, 5346740, 73.1
1997	121098, 8822210, 72.85
1998	136983, 9323260, 68.06
1999	176868, 11809740, 66.77
2001	274393, 18375240, 66.97
2002	318015, 20697160, 65.08
2003	363012, 23473350, 64.66
2004	413852, 27364065, 66.12
2005	453830, 30365200, 66.91
2006	488593, 33164680, 67.88
2007	553244, 37733880, 68.2
2008	469890, 30392870, 64.68
2009	372779, 24761695, 66.42
2010	425365, 27801025, 65.36
2011	536931, 35011065, 65.21
2012	660656, 43530040, 65.89
2013	868848, 55855845, 64.29
2014	711340, 46022305, 64.7
2015	610660, 38768715, 63.49
2016	294066, 18949940, 64.44
2017	30435, 1985955, 65.25
2018	278, 25310, 91.04
2019	158, 13050, 82.59
2020	135, 11590, 85.85
2021	44, 3710, 84.32
2022	36, 3330, 92.5
2023	17, 1530, 90.0
2024	36, 3355, 93.19
2025	18, 1560, 86.67
2026	21, 1755, 83.57
2027	14, 1155, 82.5
2028	11, 1090, 99.09
2029	7, 485, 69.29
2030	14, 990, 70.71
2031	10, 650, 65.0
2033	9, 690, 76.67
2034	5, 235, 47.0
2036	6, 315, 52.5
2037	10, 485, 48.5
2039	6, 300, 50.0
2040	15, 1345, 89.67
2041	22, 1930, 87.73
2045	8, 610, 76.25
2046	12, 1190, 99.17
2047	14, 1320, 94.29
2048	14, 1140, 81.43
2049	16, 1475, 92.19
2050	22, 1540, 70.0
2051	14, 1060, 75.71
2052	10, 590, 59.0
2053	12, 815, 67.92
2054	9, 575, 63.89
2055	36, 2205, 61.25
2056	27, 1825, 67.59
2057	41, 2525, 61.59
2058	17, 1165, 68.53
2059	12, 780, 65.0
2060	34, 2410, 70.88
2061	79, 4025, 50.95
2062	57, 3975, 69.74
2063	123, 7955, 64.67
2064	114, 7845, 68.82
2065	154, 9940, 64.55
2066	222, 14875, 67.0
2067	182, 11985, 65.85
2068	254, 15855, 62.42
2069	229, 15140, 66.11
