Type	Count, Total Dollars, Average
99	42278, 3526610, 83.41
AB	294, 21375, 72.7
AK	949, 63780, 67.21
AL	7603, 507295, 66.72
AR	3237, 228020, 70.44
AZ	30575, 2296210, 75.1
BC	254, 18605, 73.25
CA	23042, 1508625, 65.47
CO	4179, 272985, 65.32
CT	140699, 9671385, 68.74
DC	4163, 273055, 65.59
DE	15338, 1043010, 68.0
DP	3977, 384305, 96.63
FL	134365, 8802025, 65.51
FO	15, 1165, 77.67
GA	35540, 2357960, 66.35
GV	1245, 134980, 108.42
HI	526, 34135, 64.9
IA	5626, 397620, 70.68
ID	4816, 386390, 80.23
IL	37237, 2763230, 74.21
IN	73540, 6161555, 83.79
KS	1494, 99815, 66.81
KY	4162, 291805, 70.11
LA	3158, 214300, 67.86
MA	91285, 6668010, 73.05
MB	37, 2820, 76.22
MD	59167, 4023280, 68.0
ME	22014, 1308415, 59.44
MI	17814, 1230085, 69.05
MN	15918, 1309370, 82.26
MO	3803, 273940, 72.03
MS	3908, 263180, 67.34
MT	807, 52780, 65.4
MX	31, 2855, 92.1
NB	167, 13445, 80.51
NC	53910, 3636880, 67.46
ND	620, 41585, 67.07
NE	1643, 110795, 67.43
NH	9533, 654885, 68.7
NJ	915511, 69663535, 76.09
NM	2907, 210570, 72.44
NS	965, 68890, 71.39
NV	2231, 160145, 71.78
NY	7620871, 512155445, 67.2
OH	24856, 1705600, 68.62
OK	21017, 1688140, 80.32
ON	7234, 532345, 73.59
OR	5371, 381145, 70.96
PA	248780, 17046345, 68.52
PE	120, 8485, 70.71
PR	204, 14315, 70.17
QB	6237, 458810, 73.56
RI	13373, 911595, 68.17
SC	21153, 1394675, 65.93
SD	1411, 89670, 63.55
SK	37, 2745, 74.19
TN	19289, 1262315, 65.44
TX	31038, 2151340, 69.31
UT	1202, 77965, 64.86
VA	72182, 4847910, 67.16
VT	6845, 453325, 66.23
WA	6167, 405800, 65.8
WI	4961, 356810, 71.92
WV	2388, 161270, 67.53
WY	363, 24100, 66.39
