Type	Count, Total Dollars, Average
99	38382, 3237245, 84.34
AB	257, 19700, 76.65
AK	889, 61650, 69.35
AL	7148, 476690, 66.69
AR	2850, 197435, 69.28
AZ	26282, 1938220, 73.75
BC	186, 14655, 78.79
CA	23722, 1576465, 66.46
CO	4051, 267710, 66.08
CT	154594, 10735520, 69.44
DC	4221, 280290, 66.4
DE	16431, 1135560, 69.11
DP	4894, 471125, 96.27
FL	139689, 9225885, 66.05
FO	6, 335, 55.83
GA	36119, 2417920, 66.94
GV	1274, 141905, 111.39
HI	436, 27705, 63.54
IA	5189, 367200, 70.77
ID	4908, 386905, 78.83
IL	39114, 2977770, 76.13
IN	86841, 7337910, 84.5
KS	1526, 101450, 66.48
KY	4097, 289930, 70.77
LA	3346, 225625, 67.43
MA	93105, 6959040, 74.74
MB	37, 2955, 79.86
MD	60798, 4199230, 69.07
ME	22949, 1376080, 59.96
MI	17705, 1259910, 71.16
MN	18260, 1552760, 85.04
MO	4154, 311345, 74.95
MS	3977, 271925, 68.37
MT	1019, 69020, 67.73
MX	34, 3025, 88.97
NB	143, 10915, 76.33
NC	56710, 3862265, 68.11
ND	618, 44100, 71.36
NE	1777, 119695, 67.36
NH	9536, 644190, 67.55
NJ	1035778, 80837280, 78.04
NM	3035, 218875, 72.12
NS	773, 53135, 68.74
NV	2211, 158585, 71.73
NY	8821402, 597108950, 67.69
OH	25391, 1766945, 69.59
OK	21350, 1716435, 80.4
ON	5363, 406685, 75.83
OR	5603, 419115, 74.8
PA	281802, 19526305, 69.29
PE	142, 10205, 71.87
PR	211, 14685, 69.6
QB	5304, 403210, 76.02
RI	13405, 923460, 68.89
SC	22563, 1515900, 67.19
SD	1639, 107025, 65.3
SK	12, 855, 71.25
TN	19195, 1267485, 66.03
TX	34109, 2397735, 70.3
UT	1221, 81730, 66.94
VA	74205, 5012085, 67.54
VT	7825, 513995, 65.69
WA	6834, 442270, 64.72
WI	5169, 373450, 72.25
WV	2563, 173670, 67.76
WY	354, 25505, 72.05
YT	8, 895, 111.88
