Type	Count, Total Dollars, Average
99	37249, 3201690, 85.95
AB	222, 16280, 73.33
AK	908, 63210, 69.61
AL	6054, 398970, 65.9
AR	2745, 199870, 72.81
AZ	22529, 1689835, 75.01
BC	237, 19435, 82.0
CA	20822, 1383730, 66.46
CO	3528, 230310, 65.28
CT	133990, 9353540, 69.81
DC	3769, 257745, 68.39
DE	15113, 1054190, 69.75
DP	4230, 409450, 96.8
FL	124131, 8250520, 66.47
FO	9, 955, 106.11
GA	33203, 2258855, 68.03
GV	1228, 137925, 112.32
HI	419, 26940, 64.3
IA	4977, 349830, 70.29
ID	4497, 360155, 80.09
IL	34021, 2610015, 76.72
IN	64443, 5433385, 84.31
KS	1289, 88980, 69.03
KY	3615, 260320, 72.01
LA	2846, 190930, 67.09
MA	82251, 6113220, 74.32
MB	16, 1255, 78.44
MD	53850, 3716230, 69.01
ME	21163, 1274100, 60.2
MI	15402, 1061740, 68.94
MN	14656, 1238970, 84.54
MO	3459, 255065, 73.74
MS	3818, 255940, 67.04
MT	697, 45225, 64.89
MX	101, 9670, 95.74
NB	135, 9915, 73.44
NC	50176, 3422560, 68.21
ND	521, 36285, 69.64
NE	1653, 107600, 65.09
NF	11, 1265, 115.0
NH	8810, 610980, 69.35
NJ	881967, 69822495, 79.17
NM	2798, 206125, 73.67
NS	714, 47765, 66.9
NT	5, 450, 90.0
NV	1978, 144370, 72.99
NY	7770119, 522999230, 67.31
OH	22327, 1553115, 69.56
OK	19296, 1546035, 80.12
ON	4236, 314475, 74.24
OR	5077, 370000, 72.88
PA	253016, 17588565, 69.52
PE	173, 10135, 58.58
PR	185, 12440, 67.24
QB	4217, 306030, 72.57
RI	12866, 885185, 68.8
SC	20703, 1394770, 67.37
SD	1513, 99205, 65.57
SK	22, 1675, 76.14
TN	19062, 1242830, 65.2
TX	29181, 2043110, 70.02
UT	1075, 69270, 64.44
VA	67423, 4592245, 68.11
VT	6829, 449245, 65.78
WA	6043, 395295, 65.41
WI	4307, 311665, 72.36
WV	2109, 143730, 68.15
WY	316, 20450, 64.72
YT	9, 1195, 132.78
