Type	Count, Total Dollars, Average
99	43623, 3671650, 84.17
AB	333, 23505, 70.59
AK	1042, 71195, 68.33
AL	7356, 481135, 65.41
AR	3236, 229100, 70.8
AZ	27903, 2059285, 73.8
BC	235, 17515, 74.53
CA	25246, 1669095, 66.11
CO	4451, 298500, 67.06
CT	154292, 10699050, 69.34
DC	4709, 318165, 67.57
DE	17137, 1168540, 68.19
DP	4572, 445035, 97.34
FL	145773, 9595135, 65.82
FO	14, 780, 55.71
GA	37483, 2508795, 66.93
GV	1200, 130650, 108.88
HI	530, 34710, 65.49
IA	5989, 429355, 71.69
ID	4893, 395005, 80.73
IL	39223, 2896360, 73.84
IN	69384, 5822240, 83.91
KS	1521, 99795, 65.61
KY	4319, 307665, 71.24
LA	3303, 226090, 68.45
MA	97835, 7091180, 72.48
MB	32, 2395, 74.84
MD	62048, 4253350, 68.55
ME	23739, 1426160, 60.08
MI	18223, 1265330, 69.44
MN	16326, 1356640, 83.1
MO	3868, 278815, 72.08
MS	4069, 279845, 68.77
MT	866, 57960, 66.93
MX	19, 1335, 70.26
NB	163, 13750, 84.36
NC	56627, 3817855, 67.42
ND	622, 42145, 67.76
NE	1828, 125800, 68.82
NF	6, 410, 68.33
NH	10754, 746815, 69.45
NJ	1020639, 77746805, 76.17
NM	3526, 259745, 73.67
NS	885, 61080, 69.02
NT	6, 415, 69.17
NV	2473, 179280, 72.49
NY	8751947, 586525920, 67.02
OH	26156, 1819160, 69.55
OK	21447, 1716020, 80.01
ON	5696, 428435, 75.22
OR	5642, 394405, 69.91
PA	285635, 19571895, 68.52
PE	144, 9880, 68.61
PR	227, 15665, 69.01
QB	5382, 403025, 74.88
RI	14970, 1032370, 68.96
SC	23567, 1554785, 65.97
SD	1537, 98465, 64.06
SK	28, 2160, 77.14
TN	20625, 1354500, 65.67
TX	32761, 2285195, 69.75
UT	1286, 84415, 65.64
VA	76324, 5179300, 67.86
VT	8139, 543090, 66.73
WA	7080, 463045, 65.4
WI	5073, 365495, 72.05
WV	2276, 152805, 67.14
WY	372, 25180, 67.69
YT	5, 365, 73.0
