Type	Count, Total Dollars, Average
999	62013, 4760270, 76.76
AGC	106, 9980, 94.15
AGR	328, 27350, 83.38
AMB	93, 7250, 77.96
APP	15652, 1450165, 92.65
ARG	55, 3465, 63.0
ATD	35, 3390, 96.86
ATV	16, 1025, 64.06
AYG	168, 10360, 61.67
BOB	66, 4340, 65.76
BOT	18, 1130, 62.78
CBS	669, 52625, 78.66
CCK	44, 3770, 85.68
CHC	359, 31590, 87.99
CLG	6, 610, 101.67
CMB	13860, 1049345, 75.71
CME	283, 24475, 86.48
CMH	2055, 181540, 88.34
COM	2012860, 157740690, 78.37
CSP	1267, 105035, 82.9
DLR	4154, 291035, 70.06
FAR	16, 1160, 72.5
FPW	27, 1460, 54.07
GAC	6, 440, 73.33
GSM	7, 580, 82.86
HAM	131, 7595, 57.98
HIR	9, 585, 65.0
HIS	907, 56205, 61.97
HSM	10, 775, 77.5
IRP	56408, 4977375, 88.24
ITP	3111, 204740, 65.81
LMA	105, 5990, 57.05
LMB	63, 3225, 51.19
LMC	22, 1230, 55.91
LTR	143, 8775, 61.36
LUA	25, 1800, 72.0
MCD	99, 6700, 67.68
MCL	1652, 113035, 68.42
MED	11403, 701845, 61.55
MOT	36258, 2436705, 67.2
NLM	97, 6135, 63.25
NYA	90, 5205, 57.83
NYC	52, 4870, 93.65
NYS	34, 2415, 71.03
OMF	396, 29215, 73.78
OML	12598, 863325, 68.53
OMO	28, 2490, 88.93
OMR	18198, 1346495, 73.99
OMS	91324, 5809110, 63.61
OMT	314552, 21523810, 68.43
OMV	88, 6625, 75.28
ORC	302, 21745, 72.0
ORG	14475, 848300, 58.6
ORM	91, 6040, 66.37
PAS	7060559, 461316885, 65.34
PHS	801, 52065, 65.0
PPH	11, 860, 78.18
PSD	6528, 349705, 53.57
RGC	186, 11645, 62.61
RGL	4789, 288290, 60.2
SCL	4263, 231295, 54.26
SEM	569, 35320, 62.07
SOS	73, 3890, 53.29
SPC	327, 22110, 67.61
SPO	7257, 429410, 59.17
SRF	87212, 5721935, 65.61
SRN	3176, 240960, 75.87
STA	517, 26430, 51.12
STG	93, 5580, 60.0
SUP	29, 1620, 55.86
THC	136, 13410, 98.6
TOW	5391, 367635, 68.19
TRA	3483, 323265, 92.81
TRC	26859, 2655605, 98.87
TRL	2879, 191885, 66.65
USC	30, 2530, 84.33
VAS	3637, 225145, 61.9
VPL	25, 2015, 80.6
