Type	Count, Total Dollars, Average
999	63964, 4854210, 75.89
AGC	99, 9310, 94.04
AGR	385, 32230, 83.71
AMB	115, 7610, 66.17
APP	14115, 1323065, 93.73
ARG	62, 4330, 69.84
ATD	37, 3795, 102.57
ATV	10, 565, 56.5
AYG	157, 9915, 63.15
BOB	76, 5370, 70.66
BOT	16, 925, 57.81
CBS	761, 60090, 78.96
CCK	15, 1260, 84.0
CHC	367, 32345, 88.13
CLG	15, 1465, 97.67
CMB	14293, 1066805, 74.64
CME	350, 29850, 85.29
CMH	2745, 241385, 87.94
COM	2101727, 165034930, 78.52
CSP	1567, 134720, 85.97
DLR	4771, 331010, 69.38
FAR	28, 2420, 86.43
FPW	31, 2140, 69.03
GAC	9, 855, 95.0
GSM	10, 665, 66.5
HAC	7, 735, 105.0
HAM	183, 10985, 60.03
HIR	14, 995, 71.07
HIS	993, 62860, 63.3
HSM	11, 1300, 118.18
IRP	62912, 5541700, 88.09
ITP	2992, 195825, 65.45
JCA	9, 590, 65.56
JSC	11, 755, 68.64
LMA	111, 6585, 59.32
LMB	49, 2515, 51.33
LMC	17, 1075, 63.24
LTR	185, 10385, 56.14
LUA	19, 1440, 75.79
MCD	96, 6690, 69.69
MCL	1531, 105800, 69.11
MED	13867, 843010, 60.79
MOT	31144, 2025530, 65.04
NLM	98, 6235, 63.62
NYA	114, 6030, 52.89
NYC	31, 2045, 65.97
NYS	25, 1610, 64.4
OMF	374, 27150, 72.59
OML	15149, 1014415, 66.96
OMO	32, 2700, 84.38
OMR	21788, 1464585, 67.22
OMS	98323, 6261440, 63.68
OMT	363446, 24838550, 68.34
OMV	109, 9725, 89.22
ORC	346, 24290, 70.2
ORG	17688, 1044625, 59.06
ORM	110, 6830, 62.09
PAS	8202137, 536619720, 65.42
PHS	821, 53960, 65.72
PPH	13, 1080, 83.08
PSD	8907, 476960, 53.55
RGC	219, 13890, 63.42
RGL	5750, 346715, 60.3
SCL	6998, 378860, 54.14
SEM	732, 42815, 58.49
SOS	137, 7830, 57.15
SPC	312, 22150, 70.99
SPO	8998, 537795, 59.77
SRF	107025, 7124855, 66.57
SRN	4102, 314340, 76.63
STA	728, 36965, 50.78
STG	66, 4210, 63.79
SUP	36, 2010, 55.83
THC	170, 16985, 99.91
TOW	6003, 405260, 67.51
TRA	3773, 350740, 92.96
TRC	27437, 2711835, 98.84
TRL	2811, 191195, 68.02
USC	30, 2485, 82.83
VAS	3873, 244630, 63.16
VPL	35, 2285, 65.29
WUG	5, 230, 46.0
