Type	Count, Total Dollars, Average
999	55988, 4317260, 77.11
AGC	98, 9250, 94.39
AGR	281, 23375, 83.19
AMB	92, 6700, 72.83
APP	12432, 1177595, 94.72
ARG	59, 3975, 67.37
ATD	19, 1905, 100.26
AYG	137, 8900, 64.96
BOB	73, 4720, 64.66
BOT	7, 480, 68.57
CBS	563, 43640, 77.51
CCK	17, 1325, 77.94
CHC	292, 25870, 88.6
CLG	9, 615, 68.33
CMB	12389, 934860, 75.46
CME	237, 21240, 89.62
CMH	1868, 165515, 88.61
COM	1787050, 140814295, 78.8
CSP	1226, 103180, 84.16
DLR	4030, 286945, 71.2
FAR	14, 1285, 91.79
FPW	24, 1630, 67.92
GAC	9, 850, 94.44
GSM	6, 465, 77.5
HAC	7, 585, 83.57
HAM	143, 8135, 56.89
HIR	24, 1755, 73.13
HIS	707, 44120, 62.4
IRP	51503, 4565495, 88.65
ITP	2717, 180685, 66.5
JSC	5, 350, 70.0
LMA	60, 3620, 60.33
LMB	13, 810, 62.31
LTR	144, 7330, 50.9
LUA	17, 1620, 95.29
MCD	31, 2210, 71.29
MCL	400, 25705, 64.26
MED	11946, 732600, 61.33
MOT	9081, 611785, 67.37
NLM	63, 3915, 62.14
NYA	102, 5935, 58.19
NYC	52, 3685, 70.87
NYS	27, 1810, 67.04
OMF	367, 27660, 75.37
OML	12122, 820865, 67.72
OMO	30, 2555, 85.17
OMR	18219, 1405060, 77.12
OMS	78533, 4996765, 63.63
OMT	342633, 23677730, 69.11
OMV	91, 6450, 70.88
ORC	331, 22790, 68.85
ORG	15800, 935145, 59.19
ORM	73, 4920, 67.4
PAS	7331021, 484983115, 66.15
PHS	949, 61630, 64.94
PPH	11, 890, 80.91
PSD	6630, 358390, 54.06
RGC	214, 14835, 69.32
RGL	4785, 283650, 59.28
SCL	5379, 291815, 54.25
SEM	571, 34465, 60.36
SOS	102, 6110, 59.9
SPC	225, 16295, 72.42
SPO	7544, 452525, 59.98
SRF	99187, 6808860, 68.65
SRN	3278, 251120, 76.61
STA	556, 27925, 50.22
STG	62, 4090, 65.97
SUP	26, 1635, 62.88
THC	168, 15905, 94.67
TOW	5475, 373880, 68.29
TRA	3294, 307830, 93.45
TRC	22107, 2201140, 99.57
TRL	2563, 166685, 65.04
USC	39, 3085, 79.1
VAS	3950, 249845, 63.25
VPL	37, 2520, 68.11
