Type	Count, Total Dollars, Average
999	61250, 4755095, 77.63
AGC	113, 10810, 95.66
AGR	324, 28070, 86.64
AMB	146, 10115, 69.28
APP	14779, 1402915, 94.93
ARG	41, 2640, 64.39
ATD	37, 3555, 96.08
ATV	12, 720, 60.0
AYG	185, 11410, 61.68
BOB	80, 5380, 67.25
BOT	11, 855, 77.73
CBS	596, 45205, 75.85
CCK	32, 2865, 89.53
CHC	376, 33920, 90.21
CLG	14, 1280, 91.43
CMB	15668, 1191590, 76.05
CME	240, 20260, 84.42
CMH	1855, 165125, 89.02
COM	2176368, 173197445, 79.58
CSP	1348, 114680, 85.07
DLR	4321, 302630, 70.04
FAR	14, 1215, 86.79
FPW	24, 1645, 68.54
GAC	8, 610, 76.25
GSM	7, 425, 60.71
HAC	9, 865, 96.11
HAM	194, 10950, 56.44
HIS	964, 59545, 61.77
IRP	65617, 5839770, 89.0
ITP	3303, 221170, 66.96
JCA	10, 795, 79.5
JCL	5, 405, 81.0
JSC	7, 525, 75.0
LMA	85, 4880, 57.41
LMB	43, 2330, 54.19
LMC	18, 1160, 64.44
LTR	197, 10015, 50.84
LUA	13, 915, 70.38
MCD	68, 4545, 66.84
MCL	1544, 103545, 67.06
MED	13556, 836135, 61.68
MOT	29131, 1935245, 66.43
NLM	95, 6260, 65.89
NYA	85, 5225, 61.47
NYC	44, 3680, 83.64
NYS	26, 1635, 62.88
OMF	363, 27150, 74.79
OML	13480, 904130, 67.07
OMO	30, 2845, 94.83
OMR	22681, 1732435, 76.38
OMS	101357, 6465955, 63.79
OMT	378464, 26150105, 69.1
OMV	128, 9145, 71.45
ORC	349, 24590, 70.46
ORG	17380, 1030930, 59.32
ORM	65, 3785, 58.23
PAS	8178558, 539924445, 66.02
PHS	1020, 68625, 67.28
PPH	15, 1245, 83.0
PSD	7661, 403685, 52.69
RGC	245, 17910, 73.1
RGL	5490, 334610, 60.95
SCL	6452, 351975, 54.55
SEM	530, 33240, 62.72
SOS	113, 6415, 56.77
SPC	298, 20190, 67.75
SPO	8757, 524860, 59.94
SRF	105626, 6992495, 66.2
SRN	3721, 285755, 76.8
STA	576, 29140, 50.59
STG	67, 4235, 63.21
SUP	41, 2465, 60.12
THC	168, 16265, 96.82
TOW	6381, 435625, 68.27
TRA	3708, 350680, 94.57
TRC	30866, 3081920, 99.85
TRL	3032, 201855, 66.57
USC	36, 3255, 90.42
USS	5, 340, 68.0
VAS	4175, 270750, 64.85
VPL	32, 1940, 60.63
