0 178142230.0
2013 49323680.0
2014 44128725.0
2015 38197645.0
2012 37204860.0
2007 32259590.0
2011 29994680.0
2006 28748985.0
2005 26237985.0
2008 26208175.0
2004 23882060.0
2010 23745555.0
2009 21287890.0
2016 20723655.0
2003 20253930.0
2002 17791600.0
2001 15668180.0
1999 9835805.0
1998 7786435.0
1997 7426070.0
1996 4515190.0
2017 4384530.0
1995 4143570.0
1994 1832465.0
1990 1749310.0
1988 1633770.0
1993 1288895.0
1992 1239370.0
1989 906655.0
1987 663445.0
1991 526890.0
1986 475460.0
1985 217565.0
1984 81490.0
