0 198228575.0
2013 55855845.0
2014 46022305.0
2012 43530040.0
2015 38768715.0
2007 37733880.0
2011 35011065.0
2006 33164680.0
2008 30392870.0
2005 30365200.0
2010 27801025.0
2004 27364065.0
2009 24761695.0
2003 23473350.0
2002 20697160.0
2016 18949940.0
2001 18375240.0
1999 11809740.0
1998 9323260.0
1997 8822210.0
1996 5346740.0
1995 5212190.0
1994 2343890.0
1988 1987435.0
2017 1985955.0
1990 1964805.0
1993 1584365.0
1992 1439960.0
1989 1117335.0
1987 856780.0
1991 678875.0
1986 616605.0
1985 274385.0
1984 117595.0
1983 71500.0
