0 201972310.0
2013 54448725.0
2014 50360175.0
2015 45871380.0
2012 41113710.0
2007 36815980.0
2011 33164235.0
2006 32731180.0
2008 29639015.0
2005 29487070.0
2016 28329195.0
2004 26846050.0
2010 26546395.0
2009 24190225.0
2003 22325075.0
2002 19506805.0
2001 17198720.0
1999 10790235.0
2017 9362030.0
1998 8562850.0
1997 8283000.0
1996 4885200.0
1995 4615310.0
1990 2047930.0
1994 2012230.0
1988 1924765.0
1993 1481230.0
1992 1452295.0
1989 1063610.0
1987 797085.0
1991 618590.0
1986 610485.0
1985 270230.0
1984 105680.0
2018 91645.0
